0 1732754804.362104893 146 277
1 1732754804.362104893 119 325
2 1732754804.362104893 109 342
3 1732754804.362104893 134 293
4 1732754804.362104893 416 282
5 1732754804.362104893 97 364
6 1732754804.362104893 126 311
7 1732754804.362104893 312 251
8 1732754804.362104893 107 131
9 1732754804.362104893 344 251
10 1732754804.362104893 419 301
11 1732754804.362104893 382 29
12 1732754804.362104893 16 218
13 1732754804.362104893 102 154
14 1732754804.362104893 52 187
0 1732754804.612104893 146 276
1 1732754804.612104893 119 324
2 1732754804.612104893 108 341
3 1732754804.612104893 133 292
4 1732754804.612104893 416 281
5 1732754804.612104893 97 363
6 1732754804.612104893 125 310
7 1732754804.612104893 311 250
8 1732754804.612104893 106 130
9 1732754804.612104893 343 250
10 1732754804.612104893 419 300
11 1732754804.612104893 382 28
12 1732754804.612104893 16 217
13 1732754804.612104893 102 153
14 1732754804.612104893 52 186
0 1732754804.862104893 147 276
1 1732754804.862104893 120 324
2 1732754804.862104893 109 341
3 1732754804.862104893 135 292
4 1732754804.862104893 419 281
5 1732754804.862104893 97 363
6 1732754804.862104893 126 309
7 1732754804.862104893 312 249
8 1732754804.862104893 108 131
9 1732754804.862104893 344 250
10 1732754804.862104893 420 300
11 1732754804.862104893 383 28
12 1732754804.862104893 18 217
13 1732754804.862104893 102 152
14 1732754804.862104893 53 186
0 1732754805.112104893 146 275
1 1732754805.112104893 120 323
2 1732754805.112104893 110 340
3 1732754805.112104893 136 290
4 1732754805.112104893 422 280
5 1732754805.112104893 98 363
6 1732754805.112104893 127 308
7 1732754805.112104893 314 248
8 1732754805.112104893 109 131
9 1732754805.112104893 344 249
10 1732754805.112104893 422 300
11 1732754805.112104893 384 26
12 1732754805.112104893 19 216
13 1732754805.112104893 103 151
14 1732754805.112104893 55 185
0 1732754805.362104893 145 276
1 1732754805.362104893 117 324
2 1732754805.362104893 107 342
3 1732754805.362104893 134 293
4 1732754805.362104893 421 282
5 1732754805.362104893 96 365
6 1732754805.362104893 124 310
7 1732754805.362104893 313 250
8 1732754805.362104893 105 132
9 1732754805.362104893 343 251
10 1732754805.362104893 423 303
11 1732754805.362104893 383 29
12 1732754805.362104893 18 219
13 1732754805.362104893 99 154
14 1732754805.362104893 51 188
0 1732754805.612104893 146 281
1 1732754805.612104893 118 329
2 1732754805.612104893 109 348
3 1732754805.612104893 137 300
4 1732754805.612104893 422 283
5 1732754805.612104893 96 371
6 1732754805.612104893 126 317
7 1732754805.612104893 313 249
8 1732754805.612104893 106 134
9 1732754805.612104893 342 249
10 1732754805.612104893 422 303
11 1732754805.612104893 383 30
12 1732754805.612104893 19 220
13 1732754805.612104893 98 154
14 1732754805.612104893 49 187
0 1732754805.862104893 147 283
1 1732754805.862104893 120 332
2 1732754805.862104893 111 350
3 1732754805.862104893 139 302
4 1732754805.862104893 423 283
5 1732754805.862104893 97 372
6 1732754805.862104893 129 319
7 1732754805.862104893 314 248
8 1732754805.862104893 110 134
9 1732754805.862104893 340 247
10 1732754805.862104893 422 304
11 1732754805.862104893 382 30
12 1732754805.862104893 19 221
13 1732754805.862104893 97 153
14 1732754805.862104893 50 188
0 1732754806.112104893 152 286
1 1732754806.112104893 121 333
2 1732754806.112104893 113 351
3 1732754806.112104893 141 304
4 1732754806.112104893 425 284
5 1732754806.112104893 98 373
6 1732754806.112104893 129 320
7 1732754806.112104893 315 249
8 1732754806.112104893 109 136
9 1732754806.112104893 339 246
10 1732754806.112104893 423 305
11 1732754806.112104893 383 29
12 1732754806.112104893 19 221
13 1732754806.112104893 98 153
14 1732754806.112104893 50 189
0 1732754806.362104893 151 285
1 1732754806.362104893 122 333
2 1732754806.362104893 113 352
3 1732754806.362104893 143 305
4 1732754806.362104893 427 284
5 1732754806.362104893 99 375
6 1732754806.362104893 129 319
7 1732754806.362104893 316 249
8 1732754806.362104893 110 136
9 1732754806.362104893 339 246
10 1732754806.362104893 424 305
11 1732754806.362104893 383 30
12 1732754806.362104893 19 222
13 1732754806.362104893 99 153
14 1732754806.362104893 51 188
0 1732754806.612104893 152 286
1 1732754806.612104893 123 333
2 1732754806.612104893 114 353
3 1732754806.612104893 144 306
4 1732754806.612104893 429 285
5 1732754806.612104893 98 375
6 1732754806.612104893 129 319
7 1732754806.612104893 315 249
8 1732754806.612104893 108 136
9 1732754806.612104893 339 245
10 1732754806.612104893 425 306
11 1732754806.612104893 383 29
12 1732754806.612104893 19 221
13 1732754806.612104893 99 151
14 1732754806.612104893 51 187
0 1732754806.862104893 152 287
1 1732754806.862104893 123 335
2 1732754806.862104893 114 353
3 1732754806.862104893 145 306
4 1732754806.862104893 430 285
5 1732754806.862104893 97 375
6 1732754806.862104893 131 320
7 1732754806.862104893 316 249
8 1732754806.862104893 110 135
9 1732754806.862104893 338 244
10 1732754806.862104893 425 307
11 1732754806.862104893 383 30
12 1732754806.862104893 18 222
13 1732754806.862104893 100 153
14 1732754806.862104893 51 187
0 1732754807.112104893 152 288
1 1732754807.112104893 123 335
2 1732754807.112104893 115 354
3 1732754807.112104893 145 306
4 1732754807.112104893 431 286
5 1732754807.112104893 98 375
6 1732754807.112104893 129 320
7 1732754807.112104893 317 250
8 1732754807.112104893 110 136
9 1732754807.112104893 337 243
10 1732754807.112104893 426 307
11 1732754807.112104893 383 30
12 1732754807.112104893 18 222
13 1732754807.112104893 100 153
14 1732754807.112104893 52 187
0 1732754807.362104893 152 289
1 1732754807.362104893 122 336
2 1732754807.362104893 116 354
3 1732754807.362104893 145 307
4 1732754807.362104893 432 287
5 1732754807.362104893 99 376
6 1732754807.362104893 130 322
7 1732754807.362104893 317 250
8 1732754807.362104893 111 137
9 1732754807.362104893 337 243
10 1732754807.362104893 427 308
11 1732754807.362104893 383 30
12 1732754807.362104893 18 223
13 1732754807.362104893 100 153
14 1732754807.362104893 51 187
0 1732754807.612104893 152 290
1 1732754807.612104893 122 335
2 1732754807.612104893 115 354
3 1732754807.612104893 144 307
4 1732754807.612104893 433 287
5 1732754807.612104893 99 375
6 1732754807.612104893 129 321
7 1732754807.612104893 317 250
8 1732754807.612104893 110 137
9 1732754807.612104893 336 243
10 1732754807.612104893 427 308
11 1732754807.612104893 383 31
12 1732754807.612104893 17 222
13 1732754807.612104893 102 152
14 1732754807.612104893 51 187
0 1732754807.862104893 152 291
1 1732754807.862104893 120 337
2 1732754807.862104893 116 356
3 1732754807.862104893 146 309
4 1732754807.862104893 433 287
5 1732754807.862104893 101 376
6 1732754807.862104893 131 322
7 1732754807.862104893 317 251
8 1732754807.862104893 112 137
9 1732754807.862104893 335 242
10 1732754807.862104893 428 308
11 1732754807.862104893 382 31
12 1732754807.862104893 17 223
13 1732754807.862104893 100 153
14 1732754807.862104893 51 187
0 1732754808.112104893 152 292
1 1732754808.112104893 121 336
2 1732754808.112104893 116 357
3 1732754808.112104893 146 311
4 1732754808.112104893 433 288
5 1732754808.112104893 100 376
6 1732754808.112104893 131 322
7 1732754808.112104893 317 252
8 1732754808.112104893 110 138
9 1732754808.112104893 334 241
10 1732754808.112104893 428 310
11 1732754808.112104893 382 31
12 1732754808.112104893 17 224
13 1732754808.112104893 100 154
14 1732754808.112104893 52 188
0 1732754808.362104893 152 293
1 1732754808.362104893 121 337
2 1732754808.362104893 116 359
3 1732754808.362104893 147 311
4 1732754808.362104893 433 289
5 1732754808.362104893 100 377
6 1732754808.362104893 133 323
7 1732754808.362104893 317 252
8 1732754808.362104893 111 137
9 1732754808.362104893 334 241
10 1732754808.362104893 429 310
11 1732754808.362104893 382 32
12 1732754808.362104893 16 224
13 1732754808.362104893 100 153
14 1732754808.362104893 51 187
0 1732754808.612104893 152 293
1 1732754808.612104893 121 337
2 1732754808.612104893 117 359
3 1732754808.612104893 147 311
4 1732754808.612104893 434 289
5 1732754808.612104893 98 377
6 1732754808.612104893 132 323
7 1732754808.612104893 317 252
8 1732754808.612104893 111 139
9 1732754808.612104893 334 241
10 1732754808.612104893 429 310
11 1732754808.612104893 382 32
12 1732754808.612104893 16 224
13 1732754808.612104893 100 153
14 1732754808.612104893 51 186
0 1732754808.862104893 152 294
1 1732754808.862104893 122 337
2 1732754808.862104893 117 359
3 1732754808.862104893 148 310
4 1732754808.862104893 434 289
5 1732754808.862104893 99 377
6 1732754808.862104893 132 323
7 1732754808.862104893 316 252
8 1732754808.862104893 111 136
9 1732754808.862104893 334 240
10 1732754808.862104893 429 310
11 1732754808.862104893 382 31
12 1732754808.862104893 15 224
13 1732754808.862104893 100 153
14 1732754808.862104893 51 187
0 1732754809.112104893 152 296
1 1732754809.112104893 122 337
2 1732754809.112104893 117 360
3 1732754809.112104893 149 311
4 1732754809.112104893 434 289
5 1732754809.112104893 98 378
6 1732754809.112104893 134 324
7 1732754809.112104893 315 253
8 1732754809.112104893 111 138
9 1732754809.112104893 333 239
10 1732754809.112104893 429 311
11 1732754809.112104893 381 32
12 1732754809.112104893 15 226
13 1732754809.112104893 101 155
14 1732754809.112104893 52 187
0 1732754809.362104893 152 296
1 1732754809.362104893 121 337
2 1732754809.362104893 118 360
3 1732754809.362104893 149 312
4 1732754809.362104893 434 289
5 1732754809.362104893 100 380
6 1732754809.362104893 134 323
7 1732754809.362104893 315 253
8 1732754809.362104893 111 137
9 1732754809.362104893 334 239
10 1732754809.362104893 429 311
11 1732754809.362104893 381 32
12 1732754809.362104893 15 226
13 1732754809.362104893 100 153
14 1732754809.362104893 50 186
0 1732754809.612104893 152 297
1 1732754809.612104893 120 337
2 1732754809.612104893 118 360
3 1732754809.612104893 151 312
4 1732754809.612104893 434 289
5 1732754809.612104893 98 381
6 1732754809.612104893 134 324
7 1732754809.612104893 314 254
8 1732754809.612104893 111 140
9 1732754809.612104893 333 239
10 1732754809.612104893 429 311
11 1732754809.612104893 381 32
12 1732754809.612104893 14 226
13 1732754809.612104893 101 153
14 1732754809.612104893 51 187
0 1732754809.862104893 152 298
1 1732754809.862104893 120 337
2 1732754809.862104893 117 360
3 1732754809.862104893 150 313
4 1732754809.862104893 435 290
5 1732754809.862104893 99 382
6 1732754809.862104893 135 325
7 1732754809.862104893 314 253
8 1732754809.862104893 111 137
9 1732754809.862104893 333 239
10 1732754809.862104893 429 312
11 1732754809.862104893 381 32
12 1732754809.862104893 14 227
13 1732754809.862104893 100 153
14 1732754809.862104893 50 187
0 1732754810.112104893 152 299
1 1732754810.112104893 120 338
2 1732754810.112104893 117 360
3 1732754810.112104893 151 312
4 1732754810.112104893 434 289
5 1732754810.112104893 98 382
6 1732754810.112104893 135 325
7 1732754810.112104893 313 253
8 1732754810.112104893 111 138
9 1732754810.112104893 332 238
10 1732754810.112104893 429 312
11 1732754810.112104893 381 33
12 1732754810.112104893 13 228
13 1732754810.112104893 101 154
14 1732754810.112104893 51 187
0 1732754810.362104893 152 299
1 1732754810.362104893 120 336
2 1732754810.362104893 119 360
3 1732754810.362104893 151 312
4 1732754810.362104893 436 290
5 1732754810.362104893 99 383
6 1732754810.362104893 136 326
7 1732754810.362104893 313 252
8 1732754810.362104893 112 137
9 1732754810.362104893 332 238
10 1732754810.362104893 429 313
11 1732754810.362104893 381 33
12 1732754810.362104893 13 228
13 1732754810.362104893 101 153
14 1732754810.362104893 50 187
0 1732754810.612104893 152 299
1 1732754810.612104893 120 336
2 1732754810.612104893 118 360
3 1732754810.612104893 151 313
4 1732754810.612104893 435 289
5 1732754810.612104893 99 384
6 1732754810.612104893 135 328
7 1732754810.612104893 313 251
8 1732754810.612104893 110 139
9 1732754810.612104893 331 238
10 1732754810.612104893 430 313
11 1732754810.612104893 381 32
12 1732754810.612104893 13 229
13 1732754810.612104893 102 151
14 1732754810.612104893 51 186
0 1732754810.862104893 152 299
1 1732754810.862104893 120 335
2 1732754810.862104893 118 358
3 1732754810.862104893 151 314
4 1732754810.862104893 435 289
5 1732754810.862104893 97 386
6 1732754810.862104893 134 329
7 1732754810.862104893 313 251
8 1732754810.862104893 111 137
9 1732754810.862104893 331 238
10 1732754810.862104893 430 314
11 1732754810.862104893 381 32
12 1732754810.862104893 12 229
13 1732754810.862104893 100 153
14 1732754810.862104893 51 186
0 1732754811.112104893 153 302
1 1732754811.112104893 121 336
2 1732754811.112104893 119 360
3 1732754811.112104893 150 314
4 1732754811.112104893 436 290
5 1732754811.112104893 98 387
6 1732754811.112104893 133 330
7 1732754811.112104893 313 252
8 1732754811.112104893 110 139
9 1732754811.112104893 331 238
10 1732754811.112104893 429 314
11 1732754811.112104893 381 32
12 1732754811.112104893 12 230
13 1732754811.112104893 101 154
14 1732754811.112104893 50 184
0 1732754811.362104893 152 302
1 1732754811.362104893 121 336
2 1732754811.362104893 120 360
3 1732754811.362104893 151 315
4 1732754811.362104893 435 291
5 1732754811.362104893 98 388
6 1732754811.362104893 133 330
7 1732754811.362104893 313 252
8 1732754811.362104893 111 137
9 1732754811.362104893 331 239
10 1732754811.362104893 429 315
11 1732754811.362104893 380 32
12 1732754811.362104893 12 231
13 1732754811.362104893 101 154
14 1732754811.362104893 51 186
0 1732754811.612104893 152 303
1 1732754811.612104893 120 335
2 1732754811.612104893 121 362
3 1732754811.612104893 152 316
4 1732754811.612104893 435 291
5 1732754811.612104893 98 389
6 1732754811.612104893 133 330
7 1732754811.612104893 312 252
8 1732754811.612104893 111 138
9 1732754811.612104893 331 239
10 1732754811.612104893 430 316
11 1732754811.612104893 380 32
12 1732754811.612104893 12 232
13 1732754811.612104893 102 153
14 1732754811.612104893 52 185
0 1732754811.862104893 152 304
1 1732754811.862104893 121 336
2 1732754811.862104893 121 362
3 1732754811.862104893 152 317
4 1732754811.862104893 435 290
5 1732754811.862104893 97 391
6 1732754811.862104893 134 332
7 1732754811.862104893 313 253
8 1732754811.862104893 111 138
9 1732754811.862104893 332 238
10 1732754811.862104893 430 316
11 1732754811.862104893 381 32
12 1732754811.862104893 11 232
13 1732754811.862104893 101 153
14 1732754811.862104893 51 186
0 1732754812.112104893 152 304
1 1732754812.112104893 119 338
2 1732754812.112104893 121 363
3 1732754812.112104893 153 318
4 1732754812.112104893 436 292
5 1732754812.112104893 96 392
6 1732754812.112104893 135 331
7 1732754812.112104893 312 254
8 1732754812.112104893 111 138
9 1732754812.112104893 330 238
10 1732754812.112104893 430 317
11 1732754812.112104893 381 32
12 1732754812.112104893 11 232
13 1732754812.112104893 102 155
14 1732754812.112104893 53 185
0 1732754812.362104893 152 308
1 1732754812.362104893 118 342
2 1732754812.362104893 120 367
3 1732754812.362104893 153 322
4 1732754812.362104893 437 295
5 1732754812.362104893 96 395
6 1732754812.362104893 134 334
7 1732754812.362104893 312 257
8 1732754812.362104893 110 141
9 1732754812.362104893 330 240
10 1732754812.362104893 430 319
11 1732754812.362104893 380 34
12 1732754812.362104893 11 235
13 1732754812.362104893 102 159
14 1732754812.362104893 50 190
0 1732754812.612104893 153 309
1 1732754812.612104893 119 342
2 1732754812.612104893 121 368
3 1732754812.612104893 153 324
4 1732754812.612104893 437 295
5 1732754812.612104893 96 397
6 1732754812.612104893 136 335
7 1732754812.612104893 312 257
8 1732754812.612104893 111 142
9 1732754812.612104893 330 241
10 1732754812.612104893 430 320
11 1732754812.612104893 381 34
12 1732754812.612104893 11 236
13 1732754812.612104893 101 159
14 1732754812.612104893 49 192
0 1732754812.862104893 154 310
1 1732754812.862104893 119 343
2 1732754812.862104893 121 369
3 1732754812.862104893 155 325
4 1732754812.862104893 438 296
5 1732754812.862104893 96 398
6 1732754812.862104893 136 335
7 1732754812.862104893 313 258
8 1732754812.862104893 112 144
9 1732754812.862104893 330 242
10 1732754812.862104893 430 321
11 1732754812.862104893 381 35
12 1732754812.862104893 12 237
13 1732754812.862104893 102 158
14 1732754812.862104893 50 193
0 1732754813.112104893 155 311
1 1732754813.112104893 119 343
2 1732754813.112104893 121 370
3 1732754813.112104893 155 326
4 1732754813.112104893 439 297
5 1732754813.112104893 96 399
6 1732754813.112104893 136 336
7 1732754813.112104893 314 258
8 1732754813.112104893 113 145
9 1732754813.112104893 330 242
10 1732754813.112104893 431 321
11 1732754813.112104893 381 35
12 1732754813.112104893 13 238
13 1732754813.112104893 103 158
14 1732754813.112104893 51 195
0 1732754813.362104893 157 311
1 1732754813.362104893 119 344
2 1732754813.362104893 121 371
3 1732754813.362104893 156 327
4 1732754813.362104893 440 298
5 1732754813.362104893 96 400
6 1732754813.362104893 136 336
7 1732754813.362104893 314 259
8 1732754813.362104893 114 148
9 1732754813.362104893 330 242
10 1732754813.362104893 432 322
11 1732754813.362104893 381 35
12 1732754813.362104893 13 238
13 1732754813.362104893 103 158
14 1732754813.362104893 52 196
0 1732754813.612104893 158 311
1 1732754813.612104893 120 344
2 1732754813.612104893 121 372
3 1732754813.612104893 156 328
4 1732754813.612104893 440 298
5 1732754813.612104893 96 401
6 1732754813.612104893 136 337
7 1732754813.612104893 315 260
8 1732754813.612104893 117 149
9 1732754813.612104893 330 242
10 1732754813.612104893 433 322
11 1732754813.612104893 381 35
12 1732754813.612104893 12 239
13 1732754813.612104893 104 158
14 1732754813.612104893 52 197
0 1732754813.862104893 158 312
1 1732754813.862104893 119 345
2 1732754813.862104893 120 372
3 1732754813.862104893 156 329
4 1732754813.862104893 441 299
5 1732754813.862104893 96 401
6 1732754813.862104893 136 337
7 1732754813.862104893 315 261
8 1732754813.862104893 117 150
9 1732754813.862104893 329 243
10 1732754813.862104893 433 323
11 1732754813.862104893 381 36
12 1732754813.862104893 12 240
13 1732754813.862104893 105 158
14 1732754813.862104893 52 197
0 1732754814.112104893 158 313
1 1732754814.112104893 119 346
2 1732754814.112104893 120 373
3 1732754814.112104893 157 330
4 1732754814.112104893 441 300
5 1732754814.112104893 95 402
6 1732754814.112104893 135 338
7 1732754814.112104893 315 261
8 1732754814.112104893 117 152
9 1732754814.112104893 329 243
10 1732754814.112104893 434 324
11 1732754814.112104893 381 36
12 1732754814.112104893 12 241
13 1732754814.112104893 105 158
14 1732754814.112104893 52 196
0 1732754814.362104893 158 313
1 1732754814.362104893 119 347
2 1732754814.362104893 120 374
3 1732754814.362104893 156 331
4 1732754814.362104893 441 301
5 1732754814.362104893 95 403
6 1732754814.362104893 135 338
7 1732754814.362104893 315 262
8 1732754814.362104893 118 152
9 1732754814.362104893 328 244
10 1732754814.362104893 434 325
11 1732754814.362104893 381 36
12 1732754814.362104893 11 242
13 1732754814.362104893 106 159
14 1732754814.362104893 53 195
0 1732754814.612104893 159 315
1 1732754814.612104893 119 348
2 1732754814.612104893 119 375
3 1732754814.612104893 156 332
4 1732754814.612104893 441 302
5 1732754814.612104893 95 403
6 1732754814.612104893 135 339
7 1732754814.612104893 315 263
8 1732754814.612104893 118 152
9 1732754814.612104893 328 244
10 1732754814.612104893 435 325
11 1732754814.612104893 380 36
12 1732754814.612104893 11 243
13 1732754814.612104893 105 158
14 1732754814.612104893 53 196
0 1732754814.862104893 159 315
1 1732754814.862104893 118 349
2 1732754814.862104893 119 376
3 1732754814.862104893 156 332
4 1732754814.862104893 442 303
5 1732754814.862104893 95 405
6 1732754814.862104893 135 339
7 1732754814.862104893 315 264
8 1732754814.862104893 118 153
9 1732754814.862104893 327 245
10 1732754814.862104893 435 326
11 1732754814.862104893 380 37
12 1732754814.862104893 11 243
13 1732754814.862104893 106 158
14 1732754814.862104893 53 195
0 1732754815.112104893 158 315
1 1732754815.112104893 118 350
2 1732754815.112104893 119 376
3 1732754815.112104893 156 333
4 1732754815.112104893 442 304
5 1732754815.112104893 94 406
6 1732754815.112104893 134 340
7 1732754815.112104893 315 265
8 1732754815.112104893 119 153
9 1732754815.112104893 327 245
10 1732754815.112104893 435 327
11 1732754815.112104893 380 37
12 1732754815.112104893 10 244
13 1732754815.112104893 106 158
14 1732754815.112104893 53 195
0 1732754815.362104893 158 315
1 1732754815.362104893 117 351
2 1732754815.362104893 119 377
3 1732754815.362104893 155 334
4 1732754815.362104893 442 305
5 1732754815.362104893 95 406
6 1732754815.362104893 133 341
7 1732754815.362104893 315 266
8 1732754815.362104893 119 154
9 1732754815.362104893 326 245
10 1732754815.362104893 436 327
11 1732754815.362104893 380 37
12 1732754815.362104893 10 245
13 1732754815.362104893 106 158
14 1732754815.362104893 54 196
0 1732754815.612104893 157 319
1 1732754815.612104893 117 353
2 1732754815.612104893 117 381
3 1732754815.612104893 155 337
4 1732754815.612104893 441 308
5 1732754815.612104893 94 409
6 1732754815.612104893 132 343
7 1732754815.612104893 314 268
8 1732754815.612104893 118 156
9 1732754815.612104893 323 246
10 1732754815.612104893 436 332
11 1732754815.612104893 379 39
12 1732754815.612104893 9 248
13 1732754815.612104893 105 161
14 1732754815.612104893 52 199
0 1732754815.862104893 157 319
1 1732754815.862104893 117 354
2 1732754815.862104893 117 383
3 1732754815.862104893 155 337
4 1732754815.862104893 442 309
5 1732754815.862104893 94 410
6 1732754815.862104893 132 344
7 1732754815.862104893 314 268
8 1732754815.862104893 118 157
9 1732754815.862104893 323 247
10 1732754815.862104893 436 332
11 1732754815.862104893 378 38
12 1732754815.862104893 10 249
13 1732754815.862104893 105 163
14 1732754815.862104893 52 199
0 1732754816.112104893 156 319
1 1732754816.112104893 116 354
2 1732754816.112104893 117 384
3 1732754816.112104893 154 338
4 1732754816.112104893 443 310
5 1732754816.112104893 93 411
6 1732754816.112104893 132 344
7 1732754816.112104893 314 269
8 1732754816.112104893 116 159
9 1732754816.112104893 323 247
10 1732754816.112104893 436 333
11 1732754816.112104893 378 38
12 1732754816.112104893 9 249
13 1732754816.112104893 104 163
14 1732754816.112104893 52 200
0 1732754816.362104893 157 320
1 1732754816.362104893 116 354
2 1732754816.362104893 117 385
3 1732754816.362104893 154 338
4 1732754816.362104893 443 311
5 1732754816.362104893 93 411
6 1732754816.362104893 132 344
7 1732754816.362104893 315 269
8 1732754816.362104893 116 161
9 1732754816.362104893 323 247
10 1732754816.362104893 437 333
11 1732754816.362104893 379 38
12 1732754816.362104893 10 250
13 1732754816.362104893 104 162
14 1732754816.362104893 53 202
0 1732754816.612104893 157 320
1 1732754816.612104893 116 354
2 1732754816.612104893 118 386
3 1732754816.612104893 155 338
4 1732754816.612104893 444 312
5 1732754816.612104893 94 412
6 1732754816.612104893 133 344
7 1732754816.612104893 316 269
8 1732754816.612104893 116 163
9 1732754816.612104893 324 247
10 1732754816.612104893 438 334
11 1732754816.612104893 379 38
12 1732754816.612104893 10 251
13 1732754816.612104893 104 162
14 1732754816.612104893 52 202
0 1732754816.862104893 158 319
1 1732754816.862104893 117 354
2 1732754816.862104893 118 387
3 1732754816.862104893 156 338
4 1732754816.862104893 445 314
5 1732754816.862104893 95 412
6 1732754816.862104893 133 344
7 1732754816.862104893 317 269
8 1732754816.862104893 116 163
9 1732754816.862104893 324 247
10 1732754816.862104893 439 334
11 1732754816.862104893 379 38
12 1732754816.862104893 10 252
13 1732754816.862104893 104 162
14 1732754816.862104893 53 202
0 1732754817.112104893 158 319
1 1732754817.112104893 117 354
2 1732754817.112104893 117 387
3 1732754817.112104893 157 337
4 1732754817.112104893 446 316
5 1732754817.112104893 96 412
6 1732754817.112104893 132 343
7 1732754817.112104893 318 270
8 1732754817.112104893 116 165
9 1732754817.112104893 324 248
10 1732754817.112104893 440 335
11 1732754817.112104893 380 37
12 1732754817.112104893 10 252
13 1732754817.112104893 103 162
14 1732754817.112104893 53 203
0 1732754817.362104893 159 319
1 1732754817.362104893 118 354
2 1732754817.362104893 117 388
3 1732754817.362104893 158 337
4 1732754817.362104893 447 318
5 1732754817.362104893 97 412
6 1732754817.362104893 132 343
7 1732754817.362104893 319 270
8 1732754817.362104893 115 165
9 1732754817.362104893 324 247
10 1732754817.362104893 441 335
11 1732754817.362104893 379 38
12 1732754817.362104893 10 253
13 1732754817.362104893 103 162
14 1732754817.362104893 53 204
0 1732754817.612104893 159 319
1 1732754817.612104893 118 354
2 1732754817.612104893 117 388
3 1732754817.612104893 159 337
4 1732754817.612104893 448 320
5 1732754817.612104893 98 412
6 1732754817.612104893 132 343
7 1732754817.612104893 319 270
8 1732754817.612104893 116 166
9 1732754817.612104893 323 248
10 1732754817.612104893 442 335
11 1732754817.612104893 379 37
12 1732754817.612104893 10 254
13 1732754817.612104893 103 162
14 1732754817.612104893 52 204
0 1732754817.862104893 159 319
1 1732754817.862104893 118 354
2 1732754817.862104893 116 389
3 1732754817.862104893 160 338
4 1732754817.862104893 449 322
5 1732754817.862104893 99 412
6 1732754817.862104893 131 343
7 1732754817.862104893 320 270
8 1732754817.862104893 116 167
9 1732754817.862104893 323 248
10 1732754817.862104893 442 336
11 1732754817.862104893 380 36
12 1732754817.862104893 10 255
13 1732754817.862104893 103 161
14 1732754817.862104893 53 204
0 1732754818.112104893 158 320
1 1732754818.112104893 118 353
2 1732754818.112104893 115 389
3 1732754818.112104893 160 338
4 1732754818.112104893 450 323
5 1732754818.112104893 100 412
6 1732754818.112104893 131 343
7 1732754818.112104893 320 270
8 1732754818.112104893 116 168
9 1732754818.112104893 323 247
10 1732754818.112104893 443 336
11 1732754818.112104893 378 36
12 1732754818.112104893 10 255
13 1732754818.112104893 103 161
14 1732754818.112104893 53 204
0 1732754818.362104893 158 320
1 1732754818.362104893 119 353
2 1732754818.362104893 115 390
3 1732754818.362104893 161 338
4 1732754818.362104893 451 323
5 1732754818.362104893 100 412
6 1732754818.362104893 130 344
7 1732754818.362104893 321 271
8 1732754818.362104893 114 168
9 1732754818.362104893 322 248
10 1732754818.362104893 443 336
11 1732754818.362104893 379 37
12 1732754818.362104893 10 256
13 1732754818.362104893 103 161
14 1732754818.362104893 53 205
0 1732754818.612104893 158 320
1 1732754818.612104893 119 353
2 1732754818.612104893 114 391
3 1732754818.612104893 162 338
4 1732754818.612104893 451 324
5 1732754818.612104893 101 412
6 1732754818.612104893 130 344
7 1732754818.612104893 321 271
8 1732754818.612104893 114 169
9 1732754818.612104893 322 248
10 1732754818.612104893 443 337
11 1732754818.612104893 381 37
12 1732754818.612104893 11 256
13 1732754818.612104893 103 161
14 1732754818.612104893 53 205
0 1732754818.862104893 157 320
1 1732754818.862104893 119 353
2 1732754818.862104893 113 391
3 1732754818.862104893 162 338
4 1732754818.862104893 452 325
5 1732754818.862104893 101 412
6 1732754818.862104893 129 344
7 1732754818.862104893 321 271
8 1732754818.862104893 114 170
9 1732754818.862104893 321 248
10 1732754818.862104893 444 337
11 1732754818.862104893 380 37
12 1732754818.862104893 10 256
13 1732754818.862104893 102 162
14 1732754818.862104893 52 204
0 1732754819.112104893 157 320
1 1732754819.112104893 118 352
2 1732754819.112104893 112 391
3 1732754819.112104893 163 338
4 1732754819.112104893 452 326
5 1732754819.112104893 101 412
6 1732754819.112104893 128 344
7 1732754819.112104893 321 271
8 1732754819.112104893 114 170
9 1732754819.112104893 321 248
10 1732754819.112104893 444 337
11 1732754819.112104893 381 35
12 1732754819.112104893 10 257
13 1732754819.112104893 102 162
14 1732754819.112104893 52 204
0 1732754819.362104893 156 320
1 1732754819.362104893 118 352
2 1732754819.362104893 112 392
3 1732754819.362104893 164 339
4 1732754819.362104893 453 326
5 1732754819.362104893 101 412
6 1732754819.362104893 127 344
7 1732754819.362104893 322 271
8 1732754819.362104893 114 171
9 1732754819.362104893 320 248
10 1732754819.362104893 444 338
11 1732754819.362104893 381 35
12 1732754819.362104893 10 257
13 1732754819.362104893 102 162
14 1732754819.362104893 54 206
0 1732754819.612104893 156 323
1 1732754819.612104893 118 355
2 1732754819.612104893 111 394
3 1732754819.612104893 164 342
4 1732754819.612104893 453 330
5 1732754819.612104893 100 415
6 1732754819.612104893 127 346
7 1732754819.612104893 322 273
8 1732754819.612104893 115 176
9 1732754819.612104893 319 251
10 1732754819.612104893 445 342
11 1732754819.612104893 380 38
12 1732754819.612104893 9 261
13 1732754819.612104893 101 166
14 1732754819.612104893 53 209
0 1732754819.862104893 157 323
1 1732754819.862104893 118 355
2 1732754819.862104893 111 395
3 1732754819.862104893 164 342
4 1732754819.862104893 453 331
5 1732754819.862104893 101 416
6 1732754819.862104893 127 346
7 1732754819.862104893 322 274
8 1732754819.862104893 114 176
9 1732754819.862104893 318 252
10 1732754819.862104893 445 344
11 1732754819.862104893 380 38
12 1732754819.862104893 10 263
13 1732754819.862104893 101 166
14 1732754819.862104893 53 210
0 1732754820.112104893 157 328
1 1732754820.112104893 115 355
2 1732754820.112104893 108 395
3 1732754820.112104893 164 346
4 1732754820.112104893 451 331
5 1732754820.112104893 99 420
6 1732754820.112104893 125 349
7 1732754820.112104893 321 277
8 1732754820.112104893 115 179
9 1732754820.112104893 320 254
10 1732754820.112104893 445 347
11 1732754820.112104893 381 41
12 1732754820.112104893 12 268
13 1732754820.112104893 100 168
14 1732754820.112104893 54 213
0 1732754820.362104893 156 329
1 1732754820.362104893 115 357
2 1732754820.362104893 108 397
3 1732754820.362104893 164 347
4 1732754820.362104893 451 332
5 1732754820.362104893 98 422
6 1732754820.362104893 123 350
7 1732754820.362104893 320 277
8 1732754820.362104893 115 179
9 1732754820.362104893 320 255
10 1732754820.362104893 445 348
11 1732754820.362104893 381 41
12 1732754820.362104893 12 269
13 1732754820.362104893 101 167
14 1732754820.362104893 53 214
0 1732754820.612104893 156 329
1 1732754820.612104893 114 358
2 1732754820.612104893 110 397
3 1732754820.612104893 165 349
4 1732754820.612104893 450 334
5 1732754820.612104893 98 424
6 1732754820.612104893 122 351
7 1732754820.612104893 319 277
8 1732754820.612104893 115 180
9 1732754820.612104893 321 255
10 1732754820.612104893 445 349
11 1732754820.612104893 381 41
12 1732754820.612104893 13 270
13 1732754820.612104893 102 168
14 1732754820.612104893 52 214
0 1732754820.862104893 156 331
1 1732754820.862104893 114 360
2 1732754820.862104893 112 398
3 1732754820.862104893 164 349
4 1732754820.862104893 449 337
5 1732754820.862104893 96 424
6 1732754820.862104893 123 353
7 1732754820.862104893 317 279
8 1732754820.862104893 114 182
9 1732754820.862104893 320 257
10 1732754820.862104893 444 351
11 1732754820.862104893 380 44
12 1732754820.862104893 12 272
13 1732754820.862104893 102 171
14 1732754820.862104893 51 216
0 1732754821.112104893 156 332
1 1732754821.112104893 114 361
2 1732754821.112104893 114 399
3 1732754821.112104893 163 350
4 1732754821.112104893 450 337
5 1732754821.112104893 95 425
6 1732754821.112104893 122 353
7 1732754821.112104893 315 279
8 1732754821.112104893 114 182
9 1732754821.112104893 320 257
10 1732754821.112104893 444 352
11 1732754821.112104893 380 44
12 1732754821.112104893 15 273
13 1732754821.112104893 103 170
14 1732754821.112104893 52 216
0 1732754821.362104893 156 331
1 1732754821.362104893 114 360
2 1732754821.362104893 116 399
3 1732754821.362104893 163 351
4 1732754821.362104893 450 337
5 1732754821.362104893 94 426
6 1732754821.362104893 121 352
7 1732754821.362104893 315 280
8 1732754821.362104893 113 182
9 1732754821.362104893 320 257
10 1732754821.362104893 444 352
11 1732754821.362104893 379 43
12 1732754821.362104893 11 271
13 1732754821.362104893 103 170
14 1732754821.362104893 50 215
0 1732754821.612104893 156 331
1 1732754821.612104893 114 360
2 1732754821.612104893 118 400
3 1732754821.612104893 163 351
4 1732754821.612104893 450 338
5 1732754821.612104893 93 426
6 1732754821.612104893 121 352
7 1732754821.612104893 316 281
8 1732754821.612104893 113 181
9 1732754821.612104893 321 257
10 1732754821.612104893 444 352
11 1732754821.612104893 379 42
12 1732754821.612104893 12 271
13 1732754821.612104893 103 170
14 1732754821.612104893 52 216
0 1732754821.862104893 157 331
1 1732754821.862104893 114 360
2 1732754821.862104893 120 401
3 1732754821.862104893 164 351
4 1732754821.862104893 452 339
5 1732754821.862104893 92 427
6 1732754821.862104893 121 352
7 1732754821.862104893 315 280
8 1732754821.862104893 115 182
9 1732754821.862104893 322 256
10 1732754821.862104893 445 353
11 1732754821.862104893 379 42
12 1732754821.862104893 12 271
13 1732754821.862104893 103 171
14 1732754821.862104893 52 216
0 1732754822.112104893 157 330
1 1732754822.112104893 114 359
2 1732754822.112104893 122 401
3 1732754822.112104893 165 350
4 1732754822.112104893 453 339
5 1732754822.112104893 92 427
6 1732754822.112104893 122 351
7 1732754822.112104893 315 280
8 1732754822.112104893 115 182
9 1732754822.112104893 324 256
10 1732754822.112104893 445 353
11 1732754822.112104893 380 41
12 1732754822.112104893 12 270
13 1732754822.112104893 103 171
14 1732754822.112104893 53 216
0 1732754822.362104893 158 330
1 1732754822.362104893 114 359
2 1732754822.362104893 124 401
3 1732754822.362104893 166 350
4 1732754822.362104893 455 340
5 1732754822.362104893 91 428
6 1732754822.362104893 123 351
7 1732754822.362104893 316 280
8 1732754822.362104893 115 183
9 1732754822.362104893 323 255
10 1732754822.362104893 447 354
11 1732754822.362104893 380 42
12 1732754822.362104893 12 270
13 1732754822.362104893 103 172
14 1732754822.362104893 55 216
0 1732754822.612104893 158 329
1 1732754822.612104893 114 358
2 1732754822.612104893 125 402
3 1732754822.612104893 167 350
4 1732754822.612104893 457 341
5 1732754822.612104893 91 428
6 1732754822.612104893 123 350
7 1732754822.612104893 315 280
8 1732754822.612104893 115 183
9 1732754822.612104893 322 255
10 1732754822.612104893 448 354
11 1732754822.612104893 380 42
12 1732754822.612104893 12 270
13 1732754822.612104893 103 172
14 1732754822.612104893 55 216
0 1732754822.862104893 159 328
1 1732754822.862104893 114 357
2 1732754822.862104893 127 402
3 1732754822.862104893 168 349
4 1732754822.862104893 459 342
5 1732754822.862104893 91 429
6 1732754822.862104893 124 349
7 1732754822.862104893 317 281
8 1732754822.862104893 115 183
9 1732754822.862104893 323 255
10 1732754822.862104893 449 354
11 1732754822.862104893 380 42
12 1732754822.862104893 12 270
13 1732754822.862104893 103 173
14 1732754822.862104893 56 215
0 1732754823.112104893 159 330
1 1732754823.112104893 112 357
2 1732754823.112104893 128 403
3 1732754823.112104893 169 349
4 1732754823.112104893 455 341
5 1732754823.112104893 90 430
6 1732754823.112104893 124 351
7 1732754823.112104893 316 284
8 1732754823.112104893 115 186
9 1732754823.112104893 322 258
10 1732754823.112104893 450 357
11 1732754823.112104893 379 44
12 1732754823.112104893 12 273
13 1732754823.112104893 103 175
14 1732754823.112104893 54 217
0 1732754823.362104893 160 330
1 1732754823.362104893 113 356
2 1732754823.362104893 129 403
3 1732754823.362104893 170 349
4 1732754823.362104893 456 342
5 1732754823.362104893 91 431
6 1732754823.362104893 123 350
7 1732754823.362104893 316 284
8 1732754823.362104893 115 186
9 1732754823.362104893 322 258
10 1732754823.362104893 452 356
11 1732754823.362104893 379 44
12 1732754823.362104893 12 274
13 1732754823.362104893 104 176
14 1732754823.362104893 54 218
0 1732754823.612104893 160 329
1 1732754823.612104893 112 356
2 1732754823.612104893 130 404
3 1732754823.612104893 171 349
4 1732754823.612104893 455 342
5 1732754823.612104893 91 432
6 1732754823.612104893 122 349
7 1732754823.612104893 317 285
8 1732754823.612104893 116 187
9 1732754823.612104893 322 259
10 1732754823.612104893 453 356
11 1732754823.612104893 378 44
12 1732754823.612104893 12 275
13 1732754823.612104893 104 177
14 1732754823.612104893 55 219
0 1732754823.862104893 161 328
1 1732754823.862104893 112 356
2 1732754823.862104893 131 404
3 1732754823.862104893 172 348
4 1732754823.862104893 456 343
5 1732754823.862104893 92 433
6 1732754823.862104893 122 349
7 1732754823.862104893 317 285
8 1732754823.862104893 118 189
9 1732754823.862104893 324 261
10 1732754823.862104893 454 356
11 1732754823.862104893 379 45
12 1732754823.862104893 12 275
13 1732754823.862104893 105 178
14 1732754823.862104893 56 220
0 1732754824.112104893 161 328
1 1732754824.112104893 111 355
2 1732754824.112104893 132 404
3 1732754824.112104893 174 348
4 1732754824.112104893 458 344
5 1732754824.112104893 92 434
6 1732754824.112104893 122 349
7 1732754824.112104893 316 286
8 1732754824.112104893 119 191
9 1732754824.112104893 325 261
10 1732754824.112104893 455 356
11 1732754824.112104893 379 45
12 1732754824.112104893 13 276
13 1732754824.112104893 106 180
14 1732754824.112104893 56 221
0 1732754824.362104893 162 327
1 1732754824.362104893 110 355
2 1732754824.362104893 133 405
3 1732754824.362104893 175 348
4 1732754824.362104893 460 345
5 1732754824.362104893 93 435
6 1732754824.362104893 123 348
7 1732754824.362104893 317 286
8 1732754824.362104893 120 193
9 1732754824.362104893 327 262
10 1732754824.362104893 456 357
11 1732754824.362104893 379 44
12 1732754824.362104893 14 277
13 1732754824.362104893 107 180
14 1732754824.362104893 57 221
0 1732754824.612104893 162 327
1 1732754824.612104893 109 355
2 1732754824.612104893 134 405
3 1732754824.612104893 176 347
4 1732754824.612104893 461 346
5 1732754824.612104893 94 435
6 1732754824.612104893 123 348
7 1732754824.612104893 316 287
8 1732754824.612104893 121 194
9 1732754824.612104893 327 262
10 1732754824.612104893 457 356
11 1732754824.612104893 380 45
12 1732754824.612104893 14 277
13 1732754824.612104893 106 182
14 1732754824.612104893 58 220
0 1732754824.862104893 163 326
1 1732754824.862104893 109 355
2 1732754824.862104893 135 405
3 1732754824.862104893 177 347
4 1732754824.862104893 463 346
5 1732754824.862104893 95 436
6 1732754824.862104893 123 348
7 1732754824.862104893 316 288
8 1732754824.862104893 121 195
9 1732754824.862104893 328 261
10 1732754824.862104893 459 356
11 1732754824.862104893 379 45
12 1732754824.862104893 14 278
13 1732754824.862104893 107 183
14 1732754824.862104893 58 221
0 1732754825.112104893 163 325
1 1732754825.112104893 108 354
2 1732754825.112104893 135 405
3 1732754825.112104893 178 346
4 1732754825.112104893 464 347
5 1732754825.112104893 95 437
6 1732754825.112104893 123 348
7 1732754825.112104893 316 286
8 1732754825.112104893 122 196
9 1732754825.112104893 326 260
10 1732754825.112104893 459 356
11 1732754825.112104893 379 45
12 1732754825.112104893 13 278
13 1732754825.112104893 108 183
14 1732754825.112104893 58 220
0 1732754825.362104893 163 325
1 1732754825.362104893 108 353
2 1732754825.362104893 136 406
3 1732754825.362104893 179 345
4 1732754825.362104893 465 348
5 1732754825.362104893 96 437
6 1732754825.362104893 124 347
7 1732754825.362104893 317 287
8 1732754825.362104893 123 197
9 1732754825.362104893 325 260
10 1732754825.362104893 460 355
11 1732754825.362104893 379 45
12 1732754825.362104893 13 278
13 1732754825.362104893 108 184
14 1732754825.362104893 58 220
0 1732754825.612104893 162 326
1 1732754825.612104893 108 355
2 1732754825.612104893 134 407
3 1732754825.612104893 178 349
4 1732754825.612104893 466 351
5 1732754825.612104893 96 438
6 1732754825.612104893 124 351
7 1732754825.612104893 317 290
8 1732754825.612104893 122 198
9 1732754825.612104893 325 263
10 1732754825.612104893 460 358
11 1732754825.612104893 378 48
12 1732754825.612104893 12 281
13 1732754825.612104893 106 186
14 1732754825.612104893 58 223
0 1732754825.862104893 164 326
1 1732754825.862104893 109 355
2 1732754825.862104893 134 408
3 1732754825.862104893 178 349
4 1732754825.862104893 466 352
5 1732754825.862104893 96 438
6 1732754825.862104893 122 350
7 1732754825.862104893 318 291
8 1732754825.862104893 123 198
9 1732754825.862104893 325 264
10 1732754825.862104893 460 358
11 1732754825.862104893 377 47
12 1732754825.862104893 12 282
13 1732754825.862104893 106 186
14 1732754825.862104893 57 225
0 1732754826.112104893 164 326
1 1732754826.112104893 108 354
2 1732754826.112104893 135 409
3 1732754826.112104893 179 348
4 1732754826.112104893 466 352
5 1732754826.112104893 97 439
6 1732754826.112104893 122 350
7 1732754826.112104893 318 292
8 1732754826.112104893 124 198
9 1732754826.112104893 324 265
10 1732754826.112104893 461 358
11 1732754826.112104893 377 48
12 1732754826.112104893 13 283
13 1732754826.112104893 107 187
14 1732754826.112104893 57 225
0 1732754826.362104893 164 326
1 1732754826.362104893 108 354
2 1732754826.362104893 135 409
3 1732754826.362104893 179 347
4 1732754826.362104893 467 352
5 1732754826.362104893 98 439
6 1732754826.362104893 122 349
7 1732754826.362104893 318 293
8 1732754826.362104893 124 199
9 1732754826.362104893 326 265
10 1732754826.362104893 462 358
11 1732754826.362104893 376 47
12 1732754826.362104893 12 284
13 1732754826.362104893 108 187
14 1732754826.362104893 57 225
0 1732754826.612104893 165 325
1 1732754826.612104893 109 353
2 1732754826.612104893 136 409
3 1732754826.612104893 180 347
4 1732754826.612104893 468 353
5 1732754826.612104893 99 440
6 1732754826.612104893 122 349
7 1732754826.612104893 319 293
8 1732754826.612104893 126 200
9 1732754826.612104893 326 265
10 1732754826.612104893 463 358
11 1732754826.612104893 376 47
12 1732754826.612104893 13 285
13 1732754826.612104893 109 188
14 1732754826.612104893 57 226
0 1732754826.862104893 166 324
1 1732754826.862104893 110 352
2 1732754826.862104893 137 409
3 1732754826.862104893 181 346
4 1732754826.862104893 469 353
5 1732754826.862104893 100 441
6 1732754826.862104893 122 349
7 1732754826.862104893 319 294
8 1732754826.862104893 127 201
9 1732754826.862104893 325 265
10 1732754826.862104893 464 358
11 1732754826.862104893 377 48
12 1732754826.862104893 12 286
13 1732754826.862104893 111 189
14 1732754826.862104893 57 225
0 1732754827.112104893 166 323
1 1732754827.112104893 110 351
2 1732754827.112104893 138 409
3 1732754827.112104893 182 346
4 1732754827.112104893 471 354
5 1732754827.112104893 101 441
6 1732754827.112104893 122 348
7 1732754827.112104893 320 295
8 1732754827.112104893 128 203
9 1732754827.112104893 326 264
10 1732754827.112104893 465 358
11 1732754827.112104893 377 47
12 1732754827.112104893 12 286
13 1732754827.112104893 111 189
14 1732754827.112104893 57 226
0 1732754827.362104893 163 326
1 1732754827.362104893 108 352
2 1732754827.362104893 133 406
3 1732754827.362104893 184 350
4 1732754827.362104893 471 355
5 1732754827.362104893 97 438
6 1732754827.362104893 118 348
7 1732754827.362104893 319 296
8 1732754827.362104893 126 203
9 1732754827.362104893 326 267
10 1732754827.362104893 463 360
11 1732754827.362104893 377 48
12 1732754827.362104893 12 291
13 1732754827.362104893 109 193
14 1732754827.362104893 56 229
0 1732754827.612104893 162 329
1 1732754827.612104893 108 356
2 1732754827.612104893 129 406
3 1732754827.612104893 183 352
4 1732754827.612104893 470 357
5 1732754827.612104893 97 441
6 1732754827.612104893 118 352
7 1732754827.612104893 319 298
8 1732754827.612104893 127 207
9 1732754827.612104893 325 270
10 1732754827.612104893 463 362
11 1732754827.612104893 376 51
12 1732754827.612104893 11 293
13 1732754827.612104893 107 195
14 1732754827.612104893 56 232
0 1732754827.862104893 162 329
1 1732754827.862104893 108 356
2 1732754827.862104893 128 407
3 1732754827.862104893 183 352
4 1732754827.862104893 469 358
5 1732754827.862104893 97 442
6 1732754827.862104893 118 353
7 1732754827.862104893 319 298
8 1732754827.862104893 128 208
9 1732754827.862104893 326 271
10 1732754827.862104893 462 362
11 1732754827.862104893 377 50
12 1732754827.862104893 11 294
13 1732754827.862104893 107 196
14 1732754827.862104893 57 233
0 1732754828.112104893 161 330
1 1732754828.112104893 107 355
2 1732754828.112104893 127 407
3 1732754828.112104893 183 352
4 1732754828.112104893 468 359
5 1732754828.112104893 96 442
6 1732754828.112104893 117 354
7 1732754828.112104893 318 298
8 1732754828.112104893 129 209
9 1732754828.112104893 327 271
10 1732754828.112104893 462 362
11 1732754828.112104893 377 50
12 1732754828.112104893 9 293
13 1732754828.112104893 106 196
14 1732754828.112104893 56 234
0 1732754828.362104893 161 331
1 1732754828.362104893 106 355
2 1732754828.362104893 127 408
3 1732754828.362104893 184 352
4 1732754828.362104893 469 360
5 1732754828.362104893 95 441
6 1732754828.362104893 116 354
7 1732754828.362104893 319 299
8 1732754828.362104893 130 210
9 1732754828.362104893 328 271
10 1732754828.362104893 463 362
11 1732754828.362104893 377 50
12 1732754828.362104893 7 292
13 1732754828.362104893 106 196
14 1732754828.362104893 58 234
0 1732754828.612104893 162 331
1 1732754828.612104893 106 354
2 1732754828.612104893 127 408
3 1732754828.612104893 185 352
4 1732754828.612104893 470 361
5 1732754828.612104893 94 441
6 1732754828.612104893 116 353
7 1732754828.612104893 320 299
8 1732754828.612104893 130 211
9 1732754828.612104893 328 271
10 1732754828.612104893 464 362
11 1732754828.612104893 377 50
12 1732754828.612104893 7 292
13 1732754828.612104893 106 197
14 1732754828.612104893 58 235
0 1732754828.862104893 162 331
1 1732754828.862104893 106 354
2 1732754828.862104893 128 409
3 1732754828.862104893 186 352
4 1732754828.862104893 471 361
5 1732754828.862104893 94 441
6 1732754828.862104893 115 353
7 1732754828.862104893 320 299
8 1732754828.862104893 131 211
9 1732754828.862104893 328 271
10 1732754828.862104893 465 362
11 1732754828.862104893 378 48
12 1732754828.862104893 7 292
13 1732754828.862104893 105 198
14 1732754828.862104893 60 235
0 1732754829.112104893 162 332
1 1732754829.112104893 105 356
2 1732754829.112104893 127 410
3 1732754829.112104893 187 354
4 1732754829.112104893 469 361
5 1732754829.112104893 93 444
6 1732754829.112104893 113 355
7 1732754829.112104893 320 302
8 1732754829.112104893 130 215
9 1732754829.112104893 327 272
10 1732754829.112104893 463 361
11 1732754829.112104893 378 50
12 1732754829.112104893 6 294
13 1732754829.112104893 105 200
14 1732754829.112104893 59 238
0 1732754829.362104893 161 332
1 1732754829.362104893 105 356
2 1732754829.362104893 127 412
3 1732754829.362104893 189 354
4 1732754829.362104893 469 364
5 1732754829.362104893 93 443
6 1732754829.362104893 111 354
7 1732754829.362104893 320 301
8 1732754829.362104893 130 215
9 1732754829.362104893 327 272
10 1732754829.362104893 463 363
11 1732754829.362104893 379 50
12 1732754829.362104893 6 294
13 1732754829.362104893 105 200
14 1732754829.362104893 58 239
0 1732754829.612104893 160 331
1 1732754829.612104893 107 357
2 1732754829.612104893 125 412
3 1732754829.612104893 190 355
4 1732754829.612104893 470 365
5 1732754829.612104893 92 443
6 1732754829.612104893 110 354
7 1732754829.612104893 319 301
8 1732754829.612104893 131 216
9 1732754829.612104893 327 272
10 1732754829.612104893 463 364
11 1732754829.612104893 378 50
12 1732754829.612104893 5 293
13 1732754829.612104893 105 199
14 1732754829.612104893 59 239
0 1732754829.862104893 160 331
1 1732754829.862104893 107 358
2 1732754829.862104893 125 414
3 1732754829.862104893 192 354
4 1732754829.862104893 471 367
5 1732754829.862104893 92 442
6 1732754829.862104893 110 354
7 1732754829.862104893 320 300
8 1732754829.862104893 133 216
9 1732754829.862104893 329 273
10 1732754829.862104893 465 365
11 1732754829.862104893 378 49
12 1732754829.862104893 6 293
13 1732754829.862104893 106 199
14 1732754829.862104893 59 240
0 1732754830.112104893 160 330
1 1732754830.112104893 108 357
2 1732754830.112104893 126 415
3 1732754830.112104893 193 354
4 1732754830.112104893 473 368
5 1732754830.112104893 93 443
6 1732754830.112104893 110 354
7 1732754830.112104893 320 299
8 1732754830.112104893 133 216
9 1732754830.112104893 329 272
10 1732754830.112104893 467 365
11 1732754830.112104893 378 47
12 1732754830.112104893 7 293
13 1732754830.112104893 107 200
14 1732754830.112104893 59 240
0 1732754830.362104893 156 330
1 1732754830.362104893 108 359
2 1732754830.362104893 126 418
3 1732754830.362104893 194 356
4 1732754830.362104893 469 365
5 1732754830.362104893 92 445
6 1732754830.362104893 110 357
7 1732754830.362104893 320 302
8 1732754830.362104893 133 218
9 1732754830.362104893 328 275
10 1732754830.362104893 464 364
11 1732754830.362104893 377 50
12 1732754830.362104893 8 296
13 1732754830.362104893 106 201
14 1732754830.362104893 59 244
0 1732754830.612104893 153 330
1 1732754830.612104893 108 360
2 1732754830.612104893 126 419
3 1732754830.612104893 198 357
4 1732754830.612104893 467 369
5 1732754830.612104893 92 445
6 1732754830.612104893 111 358
7 1732754830.612104893 321 302
8 1732754830.612104893 134 218
9 1732754830.612104893 328 276
10 1732754830.612104893 462 365
11 1732754830.612104893 378 51
12 1732754830.612104893 9 297
13 1732754830.612104893 109 200
14 1732754830.612104893 59 245
0 1732754830.862104893 152 329
1 1732754830.862104893 109 360
2 1732754830.862104893 126 420
3 1732754830.862104893 199 357
4 1732754830.862104893 467 371
5 1732754830.862104893 93 445
6 1732754830.862104893 111 358
7 1732754830.862104893 322 302
8 1732754830.862104893 134 219
9 1732754830.862104893 328 276
10 1732754830.862104893 462 365
11 1732754830.862104893 378 50
12 1732754830.862104893 11 298
13 1732754830.862104893 111 201
14 1732754830.862104893 60 246
0 1732754831.112104893 152 329
1 1732754831.112104893 110 360
2 1732754831.112104893 127 420
3 1732754831.112104893 201 357
4 1732754831.112104893 468 371
5 1732754831.112104893 94 445
6 1732754831.112104893 112 359
7 1732754831.112104893 324 302
8 1732754831.112104893 135 220
9 1732754831.112104893 328 277
10 1732754831.112104893 463 365
11 1732754831.112104893 379 49
12 1732754831.112104893 12 298
13 1732754831.112104893 114 201
14 1732754831.112104893 62 247
0 1732754831.362104893 150 332
1 1732754831.362104893 108 361
2 1732754831.362104893 126 423
3 1732754831.362104893 198 357
4 1732754831.362104893 467 373
5 1732754831.362104893 90 448
6 1732754831.362104893 111 362
7 1732754831.362104893 324 305
8 1732754831.362104893 134 224
9 1732754831.362104893 328 280
10 1732754831.362104893 462 366
11 1732754831.362104893 379 52
12 1732754831.362104893 10 299
13 1732754831.362104893 113 202
14 1732754831.362104893 61 251
0 1732754831.612104893 149 332
1 1732754831.612104893 108 362
2 1732754831.612104893 126 424
3 1732754831.612104893 197 358
4 1732754831.612104893 467 377
5 1732754831.612104893 90 448
6 1732754831.612104893 111 363
7 1732754831.612104893 325 306
8 1732754831.612104893 134 223
9 1732754831.612104893 329 281
10 1732754831.612104893 462 364
11 1732754831.612104893 379 52
12 1732754831.612104893 11 301
13 1732754831.612104893 115 203
14 1732754831.612104893 61 252
0 1732754831.862104893 149 333
1 1732754831.862104893 108 362
2 1732754831.862104893 127 424
3 1732754831.862104893 197 360
4 1732754831.862104893 467 378
5 1732754831.862104893 90 448
6 1732754831.862104893 112 363
7 1732754831.862104893 326 306
8 1732754831.862104893 134 223
9 1732754831.862104893 330 281
10 1732754831.862104893 462 363
11 1732754831.862104893 379 52
12 1732754831.862104893 12 302
13 1732754831.862104893 116 204
14 1732754831.862104893 61 254
