0 1732754804.362104893 146 277
1 1732754804.362104893 119 325
2 1732754804.362104893 109 342
3 1732754804.362104893 134 293
4 1732754804.362104893 416 282
5 1732754804.362104893 97 364
6 1732754804.362104893 126 311
7 1732754804.362104893 312 251
8 1732754804.362104893 107 131
9 1732754804.362104893 344 251
10 1732754804.362104893 419 301
11 1732754804.362104893 382 29
12 1732754804.362104893 16 218
13 1732754804.362104893 102 154
14 1732754804.362104893 52 187
0 1732754804.612104893 145 276
1 1732754804.612104893 118 324
2 1732754804.612104893 108 341
3 1732754804.612104893 133 292
4 1732754804.612104893 416 281
5 1732754804.612104893 96 363
6 1732754804.612104893 125 310
7 1732754804.612104893 311 250
8 1732754804.612104893 106 130
9 1732754804.612104893 343 250
10 1732754804.612104893 418 300
11 1732754804.612104893 381 28
12 1732754804.612104893 15 217
13 1732754804.612104893 101 153
14 1732754804.612104893 51 186
0 1732754804.862104893 147 276
1 1732754804.862104893 119 324
2 1732754804.862104893 109 341
3 1732754804.862104893 135 292
4 1732754804.862104893 418 281
5 1732754804.862104893 97 363
6 1732754804.862104893 126 310
7 1732754804.862104893 312 249
8 1732754804.862104893 107 132
9 1732754804.862104893 344 250
10 1732754804.862104893 420 300
11 1732754804.862104893 383 29
12 1732754804.862104893 17 217
13 1732754804.862104893 102 153
14 1732754804.862104893 53 186
0 1732754805.112104893 147 276
1 1732754805.112104893 119 324
2 1732754805.112104893 108 340
3 1732754805.112104893 136 292
4 1732754805.112104893 420 281
5 1732754805.112104893 97 363
6 1732754805.112104893 126 309
7 1732754805.112104893 313 248
8 1732754805.112104893 108 133
9 1732754805.112104893 344 250
10 1732754805.112104893 421 301
11 1732754805.112104893 386 29
12 1732754805.112104893 17 216
13 1732754805.112104893 103 151
14 1732754805.112104893 54 185
0 1732754805.362104893 145 280
1 1732754805.362104893 118 326
2 1732754805.362104893 106 343
3 1732754805.362104893 135 294
4 1732754805.362104893 419 284
5 1732754805.362104893 93 366
6 1732754805.362104893 125 312
7 1732754805.362104893 313 251
8 1732754805.362104893 106 136
9 1732754805.362104893 343 251
10 1732754805.362104893 421 304
11 1732754805.362104893 385 33
12 1732754805.362104893 16 219
13 1732754805.362104893 99 154
14 1732754805.362104893 49 188
0 1732754805.612104893 145 286
1 1732754805.612104893 119 332
2 1732754805.612104893 105 350
3 1732754805.612104893 136 300
4 1732754805.612104893 420 285
5 1732754805.612104893 93 374
6 1732754805.612104893 126 318
7 1732754805.612104893 314 250
8 1732754805.612104893 108 138
9 1732754805.612104893 342 250
10 1732754805.612104893 420 303
11 1732754805.612104893 384 35
12 1732754805.612104893 15 219
13 1732754805.612104893 98 153
14 1732754805.612104893 48 188
0 1732754805.862104893 147 289
1 1732754805.862104893 121 334
2 1732754805.862104893 107 353
3 1732754805.862104893 138 302
4 1732754805.862104893 421 285
5 1732754805.862104893 96 378
6 1732754805.862104893 127 320
7 1732754805.862104893 315 250
8 1732754805.862104893 111 138
9 1732754805.862104893 341 249
10 1732754805.862104893 419 302
11 1732754805.862104893 384 34
12 1732754805.862104893 15 219
13 1732754805.862104893 97 153
14 1732754805.862104893 48 188
0 1732754806.112104893 149 293
1 1732754806.112104893 121 336
2 1732754806.112104893 107 355
3 1732754806.112104893 142 304
4 1732754806.112104893 423 286
5 1732754806.112104893 96 382
6 1732754806.112104893 128 320
7 1732754806.112104893 315 251
8 1732754806.112104893 111 139
9 1732754806.112104893 340 249
10 1732754806.112104893 419 301
11 1732754806.112104893 384 36
12 1732754806.112104893 15 220
13 1732754806.112104893 99 154
14 1732754806.112104893 48 188
0 1732754806.362104893 149 295
1 1732754806.362104893 121 338
2 1732754806.362104893 109 356
3 1732754806.362104893 139 304
4 1732754806.362104893 424 286
5 1732754806.362104893 98 387
6 1732754806.362104893 127 320
7 1732754806.362104893 314 251
8 1732754806.362104893 112 139
9 1732754806.362104893 340 248
10 1732754806.362104893 418 301
11 1732754806.362104893 384 35
12 1732754806.362104893 14 220
13 1732754806.362104893 99 153
14 1732754806.362104893 50 188
0 1732754806.612104893 149 296
1 1732754806.612104893 121 339
2 1732754806.612104893 110 357
3 1732754806.612104893 141 305
4 1732754806.612104893 425 286
5 1732754806.612104893 93 387
6 1732754806.612104893 128 320
7 1732754806.612104893 314 250
8 1732754806.612104893 110 140
9 1732754806.612104893 340 248
10 1732754806.612104893 418 301
11 1732754806.612104893 384 35
12 1732754806.612104893 13 220
13 1732754806.612104893 100 151
14 1732754806.612104893 49 187
0 1732754806.862104893 150 297
1 1732754806.862104893 122 339
2 1732754806.862104893 109 361
3 1732754806.862104893 143 305
4 1732754806.862104893 427 286
5 1732754806.862104893 92 389
6 1732754806.862104893 129 321
7 1732754806.862104893 314 251
8 1732754806.862104893 112 138
9 1732754806.862104893 340 248
10 1732754806.862104893 419 301
11 1732754806.862104893 384 36
12 1732754806.862104893 13 221
13 1732754806.862104893 100 153
14 1732754806.862104893 49 187
0 1732754807.112104893 150 299
1 1732754807.112104893 122 339
2 1732754807.112104893 110 360
3 1732754807.112104893 143 306
4 1732754807.112104893 427 287
5 1732754807.112104893 92 391
6 1732754807.112104893 129 320
7 1732754807.112104893 314 252
8 1732754807.112104893 111 139
9 1732754807.112104893 339 249
10 1732754807.112104893 420 301
11 1732754807.112104893 384 36
12 1732754807.112104893 12 221
13 1732754807.112104893 101 154
14 1732754807.112104893 51 187
0 1732754807.362104893 150 300
1 1732754807.362104893 122 338
2 1732754807.362104893 110 362
3 1732754807.362104893 143 307
4 1732754807.362104893 427 287
5 1732754807.362104893 92 392
6 1732754807.362104893 128 321
7 1732754807.362104893 313 252
8 1732754807.362104893 112 139
9 1732754807.362104893 339 249
10 1732754807.362104893 420 300
11 1732754807.362104893 383 36
12 1732754807.362104893 11 221
13 1732754807.362104893 101 153
14 1732754807.362104893 50 186
0 1732754807.612104893 150 301
1 1732754807.612104893 121 339
2 1732754807.612104893 111 361
3 1732754807.612104893 143 307
4 1732754807.612104893 428 288
5 1732754807.612104893 90 391
6 1732754807.612104893 128 320
7 1732754807.612104893 313 251
8 1732754807.612104893 112 140
9 1732754807.612104893 340 249
10 1732754807.612104893 420 300
11 1732754807.612104893 383 36
12 1732754807.612104893 11 221
13 1732754807.612104893 102 152
14 1732754807.612104893 50 185
0 1732754807.862104893 150 303
1 1732754807.862104893 121 340
2 1732754807.862104893 111 362
3 1732754807.862104893 145 310
4 1732754807.862104893 428 289
5 1732754807.862104893 91 391
6 1732754807.862104893 131 321
7 1732754807.862104893 312 252
8 1732754807.862104893 113 140
9 1732754807.862104893 340 249
10 1732754807.862104893 419 299
11 1732754807.862104893 384 36
12 1732754807.862104893 11 222
13 1732754807.862104893 100 153
14 1732754807.862104893 50 186
0 1732754808.112104893 150 304
1 1732754808.112104893 121 340
2 1732754808.112104893 112 363
3 1732754808.112104893 144 311
4 1732754808.112104893 428 289
5 1732754808.112104893 90 392
6 1732754808.112104893 130 320
7 1732754808.112104893 313 251
8 1732754808.112104893 112 141
9 1732754808.112104893 340 249
10 1732754808.112104893 419 300
11 1732754808.112104893 384 35
12 1732754808.112104893 10 222
13 1732754808.112104893 100 154
14 1732754808.112104893 51 186
0 1732754808.362104893 151 305
1 1732754808.362104893 123 341
2 1732754808.362104893 112 364
3 1732754808.362104893 145 312
4 1732754808.362104893 429 289
5 1732754808.362104893 92 393
6 1732754808.362104893 132 322
7 1732754808.362104893 312 252
8 1732754808.362104893 112 140
9 1732754808.362104893 339 248
10 1732754808.362104893 418 299
11 1732754808.362104893 384 36
12 1732754808.362104893 10 223
13 1732754808.362104893 101 154
14 1732754808.362104893 51 186
0 1732754808.612104893 150 306
1 1732754808.612104893 123 341
2 1732754808.612104893 112 363
3 1732754808.612104893 144 312
4 1732754808.612104893 428 290
5 1732754808.612104893 89 391
6 1732754808.612104893 129 321
7 1732754808.612104893 312 252
8 1732754808.612104893 112 141
9 1732754808.612104893 339 247
10 1732754808.612104893 418 300
11 1732754808.612104893 384 36
12 1732754808.612104893 10 222
13 1732754808.612104893 101 153
14 1732754808.612104893 50 185
0 1732754808.862104893 151 306
1 1732754808.862104893 123 341
2 1732754808.862104893 113 364
3 1732754808.862104893 144 313
4 1732754808.862104893 428 290
5 1732754808.862104893 91 391
6 1732754808.862104893 129 321
7 1732754808.862104893 310 252
8 1732754808.862104893 113 140
9 1732754808.862104893 339 246
10 1732754808.862104893 419 299
11 1732754808.862104893 384 36
12 1732754808.862104893 10 223
13 1732754808.862104893 101 154
14 1732754808.862104893 50 186
0 1732754809.112104893 150 307
1 1732754809.112104893 123 342
2 1732754809.112104893 113 364
3 1732754809.112104893 144 312
4 1732754809.112104893 428 291
5 1732754809.112104893 91 391
6 1732754809.112104893 130 321
7 1732754809.112104893 309 252
8 1732754809.112104893 112 141
9 1732754809.112104893 339 246
10 1732754809.112104893 419 298
11 1732754809.112104893 383 35
12 1732754809.112104893 10 223
13 1732754809.112104893 101 155
14 1732754809.112104893 51 185
0 1732754809.362104893 150 308
1 1732754809.362104893 124 342
2 1732754809.362104893 114 365
3 1732754809.362104893 143 313
4 1732754809.362104893 428 291
5 1732754809.362104893 92 391
6 1732754809.362104893 131 320
7 1732754809.362104893 309 251
8 1732754809.362104893 113 140
9 1732754809.362104893 339 246
10 1732754809.362104893 419 301
11 1732754809.362104893 383 35
12 1732754809.362104893 10 223
13 1732754809.362104893 101 153
14 1732754809.362104893 50 186
0 1732754809.612104893 150 309
1 1732754809.612104893 123 342
2 1732754809.612104893 115 365
3 1732754809.612104893 143 314
4 1732754809.612104893 429 291
5 1732754809.612104893 92 390
6 1732754809.612104893 130 322
7 1732754809.612104893 308 251
8 1732754809.612104893 112 141
9 1732754809.612104893 339 246
10 1732754809.612104893 420 301
11 1732754809.612104893 383 35
12 1732754809.612104893 9 223
13 1732754809.612104893 101 153
14 1732754809.612104893 51 185
0 1732754809.862104893 151 310
1 1732754809.862104893 123 342
2 1732754809.862104893 115 364
3 1732754809.862104893 143 314
4 1732754809.862104893 429 292
5 1732754809.862104893 92 391
6 1732754809.862104893 130 322
7 1732754809.862104893 309 250
8 1732754809.862104893 113 140
9 1732754809.862104893 338 244
10 1732754809.862104893 420 299
11 1732754809.862104893 384 34
12 1732754809.862104893 10 224
13 1732754809.862104893 100 153
14 1732754809.862104893 50 186
0 1732754810.112104893 151 311
1 1732754810.112104893 124 342
2 1732754810.112104893 116 364
3 1732754810.112104893 144 315
4 1732754810.112104893 429 293
5 1732754810.112104893 93 390
6 1732754810.112104893 131 320
7 1732754810.112104893 308 250
8 1732754810.112104893 113 143
9 1732754810.112104893 339 243
10 1732754810.112104893 419 298
11 1732754810.112104893 384 35
12 1732754810.112104893 9 224
13 1732754810.112104893 101 154
14 1732754810.112104893 50 186
0 1732754810.362104893 152 311
1 1732754810.362104893 124 342
2 1732754810.362104893 116 364
3 1732754810.362104893 143 315
4 1732754810.362104893 429 293
5 1732754810.362104893 93 392
6 1732754810.362104893 132 319
7 1732754810.362104893 307 251
8 1732754810.362104893 114 142
9 1732754810.362104893 338 243
10 1732754810.362104893 419 298
11 1732754810.362104893 383 35
12 1732754810.362104893 9 224
13 1732754810.362104893 101 154
14 1732754810.362104893 50 186
0 1732754810.612104893 151 312
1 1732754810.612104893 124 342
2 1732754810.612104893 116 363
3 1732754810.612104893 143 315
4 1732754810.612104893 429 293
5 1732754810.612104893 94 390
6 1732754810.612104893 132 319
7 1732754810.612104893 306 250
8 1732754810.612104893 113 144
9 1732754810.612104893 339 243
10 1732754810.612104893 418 299
11 1732754810.612104893 383 35
12 1732754810.612104893 9 224
13 1732754810.612104893 102 152
14 1732754810.612104893 50 185
0 1732754810.862104893 151 313
1 1732754810.862104893 123 342
2 1732754810.862104893 117 362
3 1732754810.862104893 143 315
4 1732754810.862104893 429 293
5 1732754810.862104893 93 391
6 1732754810.862104893 130 320
7 1732754810.862104893 306 250
8 1732754810.862104893 113 141
9 1732754810.862104893 338 242
10 1732754810.862104893 419 299
11 1732754810.862104893 383 34
12 1732754810.862104893 9 225
13 1732754810.862104893 100 153
14 1732754810.862104893 50 186
0 1732754811.112104893 151 313
1 1732754811.112104893 123 343
2 1732754811.112104893 118 362
3 1732754811.112104893 143 315
4 1732754811.112104893 429 294
5 1732754811.112104893 93 391
6 1732754811.112104893 133 322
7 1732754811.112104893 305 250
8 1732754811.112104893 113 142
9 1732754811.112104893 338 243
10 1732754811.112104893 419 299
11 1732754811.112104893 382 34
12 1732754811.112104893 10 225
13 1732754811.112104893 101 154
14 1732754811.112104893 51 185
0 1732754811.362104893 152 314
1 1732754811.362104893 123 343
2 1732754811.362104893 117 362
3 1732754811.362104893 143 316
4 1732754811.362104893 428 293
5 1732754811.362104893 93 392
6 1732754811.362104893 131 322
7 1732754811.362104893 305 251
8 1732754811.362104893 113 141
9 1732754811.362104893 339 243
10 1732754811.362104893 418 297
11 1732754811.362104893 382 34
12 1732754811.362104893 9 226
13 1732754811.362104893 101 154
14 1732754811.362104893 51 186
0 1732754811.612104893 153 314
1 1732754811.612104893 124 342
2 1732754811.612104893 118 362
3 1732754811.612104893 144 316
4 1732754811.612104893 429 294
5 1732754811.612104893 94 390
6 1732754811.612104893 132 322
7 1732754811.612104893 304 251
8 1732754811.612104893 115 142
9 1732754811.612104893 339 243
10 1732754811.612104893 418 296
11 1732754811.612104893 382 34
12 1732754811.612104893 9 226
13 1732754811.612104893 102 152
14 1732754811.612104893 51 185
0 1732754811.862104893 152 314
1 1732754811.862104893 124 340
2 1732754811.862104893 119 361
3 1732754811.862104893 143 316
4 1732754811.862104893 429 293
5 1732754811.862104893 93 391
6 1732754811.862104893 131 321
7 1732754811.862104893 304 250
8 1732754811.862104893 114 141
9 1732754811.862104893 340 242
10 1732754811.862104893 418 297
11 1732754811.862104893 383 35
12 1732754811.862104893 9 226
13 1732754811.862104893 101 153
14 1732754811.862104893 51 186
0 1732754812.112104893 152 315
1 1732754812.112104893 124 341
2 1732754812.112104893 117 361
3 1732754812.112104893 143 317
4 1732754812.112104893 429 293
5 1732754812.112104893 93 393
6 1732754812.112104893 132 320
7 1732754812.112104893 303 251
8 1732754812.112104893 113 140
9 1732754812.112104893 340 243
10 1732754812.112104893 419 296
11 1732754812.112104893 383 34
12 1732754812.112104893 9 227
13 1732754812.112104893 102 154
14 1732754812.112104893 53 186
0 1732754812.362104893 152 319
1 1732754812.362104893 124 344
2 1732754812.362104893 117 364
3 1732754812.362104893 143 320
4 1732754812.362104893 430 295
5 1732754812.362104893 92 396
6 1732754812.362104893 131 322
7 1732754812.362104893 303 252
8 1732754812.362104893 113 142
9 1732754812.362104893 338 244
10 1732754812.362104893 420 300
11 1732754812.362104893 382 36
12 1732754812.362104893 9 229
13 1732754812.362104893 102 157
14 1732754812.362104893 51 189
0 1732754812.612104893 153 319
1 1732754812.612104893 124 345
2 1732754812.612104893 118 365
3 1732754812.612104893 144 321
4 1732754812.612104893 430 296
5 1732754812.612104893 93 397
6 1732754812.612104893 132 323
7 1732754812.612104893 303 253
8 1732754812.612104893 114 143
9 1732754812.612104893 338 245
10 1732754812.612104893 420 299
11 1732754812.612104893 383 36
12 1732754812.612104893 10 231
13 1732754812.612104893 101 158
14 1732754812.612104893 48 192
0 1732754812.862104893 154 320
1 1732754812.862104893 125 346
2 1732754812.862104893 119 366
3 1732754812.862104893 144 323
4 1732754812.862104893 431 296
5 1732754812.862104893 94 398
6 1732754812.862104893 133 323
7 1732754812.862104893 303 253
8 1732754812.862104893 115 144
9 1732754812.862104893 339 245
10 1732754812.862104893 421 299
11 1732754812.862104893 384 37
12 1732754812.862104893 10 231
13 1732754812.862104893 104 158
14 1732754812.862104893 49 194
0 1732754813.112104893 154 321
1 1732754813.112104893 126 347
2 1732754813.112104893 120 366
3 1732754813.112104893 145 324
4 1732754813.112104893 433 296
5 1732754813.112104893 94 399
6 1732754813.112104893 134 323
7 1732754813.112104893 304 253
8 1732754813.112104893 115 146
9 1732754813.112104893 339 246
10 1732754813.112104893 422 300
11 1732754813.112104893 384 37
12 1732754813.112104893 10 231
13 1732754813.112104893 104 158
14 1732754813.112104893 50 197
0 1732754813.362104893 156 322
1 1732754813.362104893 126 348
2 1732754813.362104893 120 367
3 1732754813.362104893 144 325
4 1732754813.362104893 433 297
5 1732754813.362104893 94 399
6 1732754813.362104893 133 322
7 1732754813.362104893 304 253
8 1732754813.362104893 117 147
9 1732754813.362104893 338 246
10 1732754813.362104893 423 300
11 1732754813.362104893 384 38
12 1732754813.362104893 11 232
13 1732754813.362104893 105 158
14 1732754813.362104893 51 199
0 1732754813.612104893 157 323
1 1732754813.612104893 126 348
2 1732754813.612104893 120 367
3 1732754813.612104893 144 325
4 1732754813.612104893 434 298
5 1732754813.612104893 94 400
6 1732754813.612104893 133 322
7 1732754813.612104893 304 254
8 1732754813.612104893 118 149
9 1732754813.612104893 338 246
10 1732754813.612104893 423 300
11 1732754813.612104893 384 38
12 1732754813.612104893 10 232
13 1732754813.612104893 105 158
14 1732754813.612104893 51 201
0 1732754813.862104893 157 324
1 1732754813.862104893 126 349
2 1732754813.862104893 120 368
3 1732754813.862104893 144 326
4 1732754813.862104893 435 298
5 1732754813.862104893 94 401
6 1732754813.862104893 132 322
7 1732754813.862104893 304 254
8 1732754813.862104893 119 150
9 1732754813.862104893 338 246
10 1732754813.862104893 424 301
11 1732754813.862104893 384 39
12 1732754813.862104893 10 233
13 1732754813.862104893 106 158
14 1732754813.862104893 51 201
0 1732754814.112104893 157 325
1 1732754814.112104893 126 350
2 1732754814.112104893 120 369
3 1732754814.112104893 144 326
4 1732754814.112104893 436 300
5 1732754814.112104893 94 401
6 1732754814.112104893 132 322
7 1732754814.112104893 304 254
8 1732754814.112104893 119 151
9 1732754814.112104893 338 246
10 1732754814.112104893 425 301
11 1732754814.112104893 384 39
12 1732754814.112104893 10 234
13 1732754814.112104893 107 158
14 1732754814.112104893 52 202
0 1732754814.362104893 157 326
1 1732754814.362104893 126 351
2 1732754814.362104893 120 369
3 1732754814.362104893 144 327
4 1732754814.362104893 437 301
5 1732754814.362104893 94 402
6 1732754814.362104893 132 322
7 1732754814.362104893 303 255
8 1732754814.362104893 120 152
9 1732754814.362104893 338 247
10 1732754814.362104893 425 301
11 1732754814.362104893 384 39
12 1732754814.362104893 9 235
13 1732754814.362104893 106 159
14 1732754814.362104893 53 200
0 1732754814.612104893 156 327
1 1732754814.612104893 126 352
2 1732754814.612104893 119 370
3 1732754814.612104893 143 328
4 1732754814.612104893 437 302
5 1732754814.612104893 93 403
6 1732754814.612104893 131 323
7 1732754814.612104893 303 255
8 1732754814.612104893 121 152
9 1732754814.612104893 338 246
10 1732754814.612104893 426 303
11 1732754814.612104893 384 39
12 1732754814.612104893 9 236
13 1732754814.612104893 107 158
14 1732754814.612104893 53 202
0 1732754814.862104893 156 327
1 1732754814.862104893 126 352
2 1732754814.862104893 119 370
3 1732754814.862104893 144 328
4 1732754814.862104893 438 303
5 1732754814.862104893 93 403
6 1732754814.862104893 131 323
7 1732754814.862104893 303 255
8 1732754814.862104893 121 154
9 1732754814.862104893 337 246
10 1732754814.862104893 426 303
11 1732754814.862104893 383 39
12 1732754814.862104893 9 236
13 1732754814.862104893 108 158
14 1732754814.862104893 53 201
0 1732754815.112104893 156 328
1 1732754815.112104893 126 352
2 1732754815.112104893 120 371
3 1732754815.112104893 144 329
4 1732754815.112104893 439 304
5 1732754815.112104893 93 404
6 1732754815.112104893 131 322
7 1732754815.112104893 303 256
8 1732754815.112104893 121 155
9 1732754815.112104893 337 245
10 1732754815.112104893 426 303
11 1732754815.112104893 384 40
12 1732754815.112104893 9 237
13 1732754815.112104893 107 157
14 1732754815.112104893 54 200
0 1732754815.362104893 156 328
1 1732754815.362104893 126 353
2 1732754815.362104893 120 372
3 1732754815.362104893 144 329
4 1732754815.362104893 439 305
5 1732754815.362104893 93 404
6 1732754815.362104893 130 323
7 1732754815.362104893 302 256
8 1732754815.362104893 122 155
9 1732754815.362104893 338 244
10 1732754815.362104893 426 304
11 1732754815.362104893 383 40
12 1732754815.362104893 9 237
13 1732754815.362104893 107 158
14 1732754815.362104893 54 199
0 1732754815.612104893 155 332
1 1732754815.612104893 125 355
2 1732754815.612104893 120 376
3 1732754815.612104893 143 333
4 1732754815.612104893 439 309
5 1732754815.612104893 92 407
6 1732754815.612104893 130 325
7 1732754815.612104893 302 259
8 1732754815.612104893 121 159
9 1732754815.612104893 335 245
10 1732754815.612104893 425 307
11 1732754815.612104893 382 43
12 1732754815.612104893 8 241
13 1732754815.612104893 107 161
14 1732754815.612104893 53 202
0 1732754815.862104893 155 333
1 1732754815.862104893 126 355
2 1732754815.862104893 120 376
3 1732754815.862104893 143 334
4 1732754815.862104893 440 310
5 1732754815.862104893 93 407
6 1732754815.862104893 129 325
7 1732754815.862104893 301 259
8 1732754815.862104893 121 160
9 1732754815.862104893 336 247
10 1732754815.862104893 425 307
11 1732754815.862104893 382 44
12 1732754815.862104893 7 240
13 1732754815.862104893 106 162
14 1732754815.862104893 52 203
0 1732754816.112104893 154 333
1 1732754816.112104893 125 356
2 1732754816.112104893 120 377
3 1732754816.112104893 143 334
4 1732754816.112104893 441 309
5 1732754816.112104893 92 408
6 1732754816.112104893 128 325
7 1732754816.112104893 300 259
8 1732754816.112104893 121 162
9 1732754816.112104893 336 248
10 1732754816.112104893 425 307
11 1732754816.112104893 383 44
12 1732754816.112104893 7 240
13 1732754816.112104893 104 162
14 1732754816.112104893 51 205
0 1732754816.362104893 154 334
1 1732754816.362104893 125 355
2 1732754816.362104893 120 377
3 1732754816.362104893 143 334
4 1732754816.362104893 441 309
5 1732754816.362104893 92 408
6 1732754816.362104893 128 324
7 1732754816.362104893 300 260
8 1732754816.362104893 122 163
9 1732754816.362104893 337 248
10 1732754816.362104893 426 307
11 1732754816.362104893 382 43
12 1732754816.362104893 7 241
13 1732754816.362104893 104 161
14 1732754816.362104893 52 205
0 1732754816.612104893 155 334
1 1732754816.612104893 125 355
2 1732754816.612104893 121 377
3 1732754816.612104893 143 334
4 1732754816.612104893 442 310
5 1732754816.612104893 92 409
6 1732754816.612104893 128 324
7 1732754816.612104893 300 260
8 1732754816.612104893 122 164
9 1732754816.612104893 338 248
10 1732754816.612104893 427 307
11 1732754816.612104893 383 43
12 1732754816.612104893 8 240
13 1732754816.612104893 104 161
14 1732754816.612104893 53 205
0 1732754816.862104893 156 334
1 1732754816.862104893 126 355
2 1732754816.862104893 121 377
3 1732754816.862104893 144 334
4 1732754816.862104893 442 311
5 1732754816.862104893 92 409
6 1732754816.862104893 127 323
7 1732754816.862104893 301 260
8 1732754816.862104893 122 165
9 1732754816.862104893 339 248
10 1732754816.862104893 428 308
11 1732754816.862104893 383 43
12 1732754816.862104893 8 240
13 1732754816.862104893 104 161
14 1732754816.862104893 53 205
0 1732754817.112104893 156 335
1 1732754817.112104893 126 355
2 1732754817.112104893 121 377
3 1732754817.112104893 144 334
4 1732754817.112104893 443 311
5 1732754817.112104893 92 409
6 1732754817.112104893 127 323
7 1732754817.112104893 300 260
8 1732754817.112104893 122 166
9 1732754817.112104893 339 247
10 1732754817.112104893 428 308
11 1732754817.112104893 383 44
12 1732754817.112104893 8 240
13 1732754817.112104893 102 161
14 1732754817.112104893 53 206
0 1732754817.362104893 157 335
1 1732754817.362104893 126 355
2 1732754817.362104893 121 377
3 1732754817.362104893 144 334
4 1732754817.362104893 443 312
5 1732754817.362104893 92 409
6 1732754817.362104893 127 323
7 1732754817.362104893 300 260
8 1732754817.362104893 122 167
9 1732754817.362104893 339 247
10 1732754817.362104893 428 308
11 1732754817.362104893 383 44
12 1732754817.362104893 8 239
13 1732754817.362104893 102 161
14 1732754817.362104893 53 205
0 1732754817.612104893 157 335
1 1732754817.612104893 126 355
2 1732754817.612104893 121 377
3 1732754817.612104893 144 335
4 1732754817.612104893 443 313
5 1732754817.612104893 92 410
6 1732754817.612104893 126 322
7 1732754817.612104893 300 261
8 1732754817.612104893 122 167
9 1732754817.612104893 339 247
10 1732754817.612104893 428 308
11 1732754817.612104893 384 44
12 1732754817.612104893 8 239
13 1732754817.612104893 102 161
14 1732754817.612104893 53 204
0 1732754817.862104893 157 335
1 1732754817.862104893 125 355
2 1732754817.862104893 121 378
3 1732754817.862104893 144 335
4 1732754817.862104893 444 314
5 1732754817.862104893 92 410
6 1732754817.862104893 126 322
7 1732754817.862104893 299 260
8 1732754817.862104893 122 168
9 1732754817.862104893 339 246
10 1732754817.862104893 428 308
11 1732754817.862104893 383 43
12 1732754817.862104893 8 239
13 1732754817.862104893 102 160
14 1732754817.862104893 54 205
0 1732754818.112104893 157 336
1 1732754818.112104893 125 356
2 1732754818.112104893 121 378
3 1732754818.112104893 144 335
4 1732754818.112104893 445 314
5 1732754818.112104893 92 410
6 1732754818.112104893 126 322
7 1732754818.112104893 299 260
8 1732754818.112104893 122 169
9 1732754818.112104893 339 246
10 1732754818.112104893 429 309
11 1732754818.112104893 382 44
12 1732754818.112104893 9 238
13 1732754818.112104893 101 161
14 1732754818.112104893 53 205
0 1732754818.362104893 157 336
1 1732754818.362104893 124 356
2 1732754818.362104893 120 378
3 1732754818.362104893 144 336
4 1732754818.362104893 446 314
5 1732754818.362104893 92 411
6 1732754818.362104893 125 322
7 1732754818.362104893 298 260
8 1732754818.362104893 123 169
9 1732754818.362104893 338 246
10 1732754818.362104893 429 309
11 1732754818.362104893 383 44
12 1732754818.362104893 9 238
13 1732754818.362104893 101 160
14 1732754818.362104893 54 205
0 1732754818.612104893 157 336
1 1732754818.612104893 124 356
2 1732754818.612104893 120 379
3 1732754818.612104893 143 336
4 1732754818.612104893 446 316
5 1732754818.612104893 91 411
6 1732754818.612104893 125 321
7 1732754818.612104893 298 260
8 1732754818.612104893 123 170
9 1732754818.612104893 338 245
10 1732754818.612104893 429 309
11 1732754818.612104893 384 44
12 1732754818.612104893 8 237
13 1732754818.612104893 101 160
14 1732754818.612104893 54 205
0 1732754818.862104893 156 337
1 1732754818.862104893 123 356
2 1732754818.862104893 119 379
3 1732754818.862104893 143 336
4 1732754818.862104893 445 317
5 1732754818.862104893 90 411
6 1732754818.862104893 125 321
7 1732754818.862104893 298 260
8 1732754818.862104893 123 171
9 1732754818.862104893 337 245
10 1732754818.862104893 429 309
11 1732754818.862104893 383 44
12 1732754818.862104893 9 238
13 1732754818.862104893 101 161
14 1732754818.862104893 52 204
0 1732754819.112104893 156 337
1 1732754819.112104893 122 357
2 1732754819.112104893 119 379
3 1732754819.112104893 143 337
4 1732754819.112104893 445 317
5 1732754819.112104893 89 411
6 1732754819.112104893 124 321
7 1732754819.112104893 297 260
8 1732754819.112104893 122 172
9 1732754819.112104893 337 245
10 1732754819.112104893 429 309
11 1732754819.112104893 383 43
12 1732754819.112104893 9 239
13 1732754819.112104893 100 161
14 1732754819.112104893 53 204
0 1732754819.362104893 155 338
1 1732754819.362104893 122 357
2 1732754819.362104893 118 379
3 1732754819.362104893 142 337
4 1732754819.362104893 446 318
5 1732754819.362104893 88 411
6 1732754819.362104893 123 321
7 1732754819.362104893 297 260
8 1732754819.362104893 122 173
9 1732754819.362104893 336 244
10 1732754819.362104893 429 310
11 1732754819.362104893 383 42
12 1732754819.362104893 10 239
13 1732754819.362104893 100 162
14 1732754819.362104893 54 205
0 1732754819.612104893 155 341
1 1732754819.612104893 121 360
2 1732754819.612104893 116 378
3 1732754819.612104893 142 340
4 1732754819.612104893 445 321
5 1732754819.612104893 88 415
6 1732754819.612104893 121 321
7 1732754819.612104893 296 262
8 1732754819.612104893 123 176
9 1732754819.612104893 336 247
10 1732754819.612104893 428 312
11 1732754819.612104893 383 46
12 1732754819.612104893 9 242
13 1732754819.612104893 100 166
14 1732754819.612104893 52 208
0 1732754819.862104893 155 341
1 1732754819.862104893 120 360
2 1732754819.862104893 115 380
3 1732754819.862104893 142 340
4 1732754819.862104893 445 322
5 1732754819.862104893 88 414
6 1732754819.862104893 120 320
7 1732754819.862104893 296 262
8 1732754819.862104893 122 176
9 1732754819.862104893 335 247
10 1732754819.862104893 429 313
11 1732754819.862104893 382 45
12 1732754819.862104893 9 243
13 1732754819.862104893 100 166
14 1732754819.862104893 53 209
0 1732754820.112104893 153 343
1 1732754820.112104893 119 362
2 1732754820.112104893 116 383
3 1732754820.112104893 138 341
4 1732754820.112104893 445 325
5 1732754820.112104893 86 416
6 1732754820.112104893 119 322
7 1732754820.112104893 295 265
8 1732754820.112104893 124 179
9 1732754820.112104893 334 249
10 1732754820.112104893 430 316
11 1732754820.112104893 382 48
12 1732754820.112104893 10 246
13 1732754820.112104893 101 168
14 1732754820.112104893 52 212
0 1732754820.362104893 153 343
1 1732754820.362104893 120 362
2 1732754820.362104893 115 384
3 1732754820.362104893 138 342
4 1732754820.362104893 445 326
5 1732754820.362104893 86 417
6 1732754820.362104893 119 323
7 1732754820.362104893 294 266
8 1732754820.362104893 124 179
9 1732754820.362104893 334 249
10 1732754820.362104893 430 317
11 1732754820.362104893 382 48
12 1732754820.362104893 11 246
13 1732754820.362104893 102 168
14 1732754820.362104893 50 213
0 1732754820.612104893 153 344
1 1732754820.612104893 120 363
2 1732754820.612104893 114 385
3 1732754820.612104893 137 343
4 1732754820.612104893 446 327
5 1732754820.612104893 85 419
6 1732754820.612104893 118 323
7 1732754820.612104893 294 266
8 1732754820.612104893 124 181
9 1732754820.612104893 334 250
10 1732754820.612104893 431 317
11 1732754820.612104893 382 49
12 1732754820.612104893 11 247
13 1732754820.612104893 103 168
14 1732754820.612104893 50 215
0 1732754820.862104893 152 344
1 1732754820.862104893 118 363
2 1732754820.862104893 113 386
3 1732754820.862104893 136 345
4 1732754820.862104893 446 329
5 1732754820.862104893 83 419
6 1732754820.862104893 117 325
7 1732754820.862104893 293 268
8 1732754820.862104893 124 184
9 1732754820.862104893 333 252
10 1732754820.862104893 430 319
11 1732754820.862104893 381 51
12 1732754820.862104893 10 250
13 1732754820.862104893 103 170
14 1732754820.862104893 48 216
0 1732754821.112104893 152 346
1 1732754821.112104893 116 363
2 1732754821.112104893 113 387
3 1732754821.112104893 136 344
4 1732754821.112104893 446 330
5 1732754821.112104893 83 421
6 1732754821.112104893 117 325
7 1732754821.112104893 292 267
8 1732754821.112104893 122 183
9 1732754821.112104893 332 252
10 1732754821.112104893 430 318
11 1732754821.112104893 380 51
12 1732754821.112104893 11 250
13 1732754821.112104893 104 169
14 1732754821.112104893 48 216
0 1732754821.362104893 152 348
1 1732754821.362104893 115 363
2 1732754821.362104893 113 387
3 1732754821.362104893 135 344
4 1732754821.362104893 445 330
5 1732754821.362104893 82 423
6 1732754821.362104893 115 324
7 1732754821.362104893 291 266
8 1732754821.362104893 120 182
9 1732754821.362104893 330 251
10 1732754821.362104893 429 317
11 1732754821.362104893 379 51
12 1732754821.362104893 12 250
13 1732754821.362104893 104 169
14 1732754821.362104893 48 215
0 1732754821.612104893 152 349
1 1732754821.612104893 114 364
2 1732754821.612104893 113 387
3 1732754821.612104893 134 345
4 1732754821.612104893 445 330
5 1732754821.612104893 81 425
6 1732754821.612104893 114 324
7 1732754821.612104893 290 266
8 1732754821.612104893 120 180
9 1732754821.612104893 330 251
10 1732754821.612104893 430 317
11 1732754821.612104893 378 52
12 1732754821.612104893 12 249
13 1732754821.612104893 105 169
14 1732754821.612104893 50 215
0 1732754821.862104893 152 349
1 1732754821.862104893 114 364
2 1732754821.862104893 114 387
3 1732754821.862104893 134 345
4 1732754821.862104893 447 331
5 1732754821.862104893 81 425
6 1732754821.862104893 114 324
7 1732754821.862104893 290 265
8 1732754821.862104893 120 180
9 1732754821.862104893 330 251
10 1732754821.862104893 431 316
11 1732754821.862104893 379 51
12 1732754821.862104893 13 249
13 1732754821.862104893 106 169
14 1732754821.862104893 49 214
0 1732754822.112104893 152 350
1 1732754822.112104893 113 365
2 1732754822.112104893 114 387
3 1732754822.112104893 133 345
4 1732754822.112104893 448 332
5 1732754822.112104893 81 426
6 1732754822.112104893 114 324
7 1732754822.112104893 291 265
8 1732754822.112104893 120 182
9 1732754822.112104893 330 250
10 1732754822.112104893 433 315
11 1732754822.112104893 379 52
12 1732754822.112104893 13 249
13 1732754822.112104893 107 169
14 1732754822.112104893 49 214
0 1732754822.362104893 152 350
1 1732754822.362104893 113 365
2 1732754822.362104893 114 387
3 1732754822.362104893 133 346
4 1732754822.362104893 450 333
5 1732754822.362104893 81 427
6 1732754822.362104893 114 324
7 1732754822.362104893 290 265
8 1732754822.362104893 121 182
9 1732754822.362104893 329 250
10 1732754822.362104893 434 315
11 1732754822.362104893 378 51
12 1732754822.362104893 13 249
13 1732754822.362104893 107 169
14 1732754822.362104893 51 214
0 1732754822.612104893 153 351
1 1732754822.612104893 113 365
2 1732754822.612104893 114 387
3 1732754822.612104893 133 346
4 1732754822.612104893 451 335
5 1732754822.612104893 81 428
6 1732754822.612104893 114 323
7 1732754822.612104893 290 264
8 1732754822.612104893 122 181
9 1732754822.612104893 329 250
10 1732754822.612104893 435 313
11 1732754822.612104893 379 51
12 1732754822.612104893 14 250
13 1732754822.612104893 107 170
14 1732754822.612104893 51 212
0 1732754822.862104893 153 351
1 1732754822.862104893 112 366
2 1732754822.862104893 114 387
3 1732754822.862104893 133 347
4 1732754822.862104893 453 336
5 1732754822.862104893 80 428
6 1732754822.862104893 114 323
7 1732754822.862104893 290 264
8 1732754822.862104893 119 181
9 1732754822.862104893 328 250
10 1732754822.862104893 436 313
11 1732754822.862104893 378 51
12 1732754822.862104893 13 250
13 1732754822.862104893 107 170
14 1732754822.862104893 51 211
0 1732754823.112104893 150 352
1 1732754823.112104893 110 366
2 1732754823.112104893 114 390
3 1732754823.112104893 131 348
4 1732754823.112104893 453 339
5 1732754823.112104893 78 429
6 1732754823.112104893 113 324
7 1732754823.112104893 290 267
8 1732754823.112104893 119 183
9 1732754823.112104893 328 253
10 1732754823.112104893 435 316
11 1732754823.112104893 377 54
12 1732754823.112104893 12 254
13 1732754823.112104893 107 172
14 1732754823.112104893 50 213
0 1732754823.362104893 149 353
1 1732754823.362104893 109 366
2 1732754823.362104893 115 390
3 1732754823.362104893 129 349
4 1732754823.362104893 453 340
5 1732754823.362104893 77 429
6 1732754823.362104893 114 324
7 1732754823.362104893 289 266
8 1732754823.362104893 120 183
9 1732754823.362104893 327 253
10 1732754823.362104893 435 314
11 1732754823.362104893 376 53
12 1732754823.362104893 12 254
13 1732754823.362104893 108 173
14 1732754823.362104893 50 214
0 1732754823.612104893 147 353
1 1732754823.612104893 108 366
2 1732754823.612104893 116 390
3 1732754823.612104893 127 349
4 1732754823.612104893 454 341
5 1732754823.612104893 77 430
6 1732754823.612104893 114 324
7 1732754823.612104893 289 266
8 1732754823.612104893 122 183
9 1732754823.612104893 327 253
10 1732754823.612104893 436 313
11 1732754823.612104893 375 53
12 1732754823.612104893 11 254
13 1732754823.612104893 109 172
14 1732754823.612104893 51 213
0 1732754823.862104893 145 353
1 1732754823.862104893 107 366
2 1732754823.862104893 117 390
3 1732754823.862104893 126 350
4 1732754823.862104893 455 341
5 1732754823.862104893 77 430
6 1732754823.862104893 114 323
7 1732754823.862104893 290 266
8 1732754823.862104893 125 184
9 1732754823.862104893 328 253
10 1732754823.862104893 437 313
11 1732754823.862104893 376 54
12 1732754823.862104893 12 256
13 1732754823.862104893 110 173
14 1732754823.862104893 52 212
0 1732754824.112104893 144 354
1 1732754824.112104893 106 366
2 1732754824.112104893 118 390
3 1732754824.112104893 126 350
4 1732754824.112104893 456 342
5 1732754824.112104893 77 430
6 1732754824.112104893 115 323
7 1732754824.112104893 291 266
8 1732754824.112104893 125 184
9 1732754824.112104893 330 254
10 1732754824.112104893 437 311
11 1732754824.112104893 375 53
12 1732754824.112104893 13 255
13 1732754824.112104893 110 173
14 1732754824.112104893 52 212
0 1732754824.362104893 143 354
1 1732754824.362104893 106 366
2 1732754824.362104893 118 390
3 1732754824.362104893 126 350
4 1732754824.362104893 457 344
5 1732754824.362104893 77 431
6 1732754824.362104893 115 323
7 1732754824.362104893 292 267
8 1732754824.362104893 125 184
9 1732754824.362104893 331 254
10 1732754824.362104893 438 310
11 1732754824.362104893 374 51
12 1732754824.362104893 12 256
13 1732754824.362104893 110 173
14 1732754824.362104893 53 212
0 1732754824.612104893 142 354
1 1732754824.612104893 106 366
2 1732754824.612104893 119 390
3 1732754824.612104893 127 351
4 1732754824.612104893 458 345
5 1732754824.612104893 77 431
6 1732754824.612104893 116 323
7 1732754824.612104893 293 267
8 1732754824.612104893 125 183
9 1732754824.612104893 331 254
10 1732754824.612104893 440 311
11 1732754824.612104893 375 52
12 1732754824.612104893 13 257
13 1732754824.612104893 111 173
14 1732754824.612104893 55 210
0 1732754824.862104893 142 354
1 1732754824.862104893 105 366
2 1732754824.862104893 119 390
3 1732754824.862104893 126 351
4 1732754824.862104893 459 346
5 1732754824.862104893 77 432
6 1732754824.862104893 116 323
7 1732754824.862104893 294 268
8 1732754824.862104893 126 184
9 1732754824.862104893 333 255
10 1732754824.862104893 441 310
11 1732754824.862104893 374 52
12 1732754824.862104893 13 257
13 1732754824.862104893 111 173
14 1732754824.862104893 56 210
0 1732754825.112104893 142 355
1 1732754825.112104893 104 366
2 1732754825.112104893 119 390
3 1732754825.112104893 126 351
4 1732754825.112104893 460 347
5 1732754825.112104893 77 432
6 1732754825.112104893 116 323
7 1732754825.112104893 295 267
8 1732754825.112104893 127 184
9 1732754825.112104893 332 254
10 1732754825.112104893 442 310
11 1732754825.112104893 374 51
12 1732754825.112104893 14 258
13 1732754825.112104893 112 173
14 1732754825.112104893 55 209
0 1732754825.362104893 141 355
1 1732754825.362104893 104 366
2 1732754825.362104893 119 391
3 1732754825.362104893 126 351
4 1732754825.362104893 461 348
5 1732754825.362104893 77 432
6 1732754825.362104893 116 323
7 1732754825.362104893 295 267
8 1732754825.362104893 127 183
9 1732754825.362104893 332 253
10 1732754825.362104893 442 310
11 1732754825.362104893 374 51
12 1732754825.362104893 13 258
13 1732754825.362104893 112 173
14 1732754825.362104893 56 209
0 1732754825.612104893 139 356
1 1732754825.612104893 103 367
2 1732754825.612104893 117 391
3 1732754825.612104893 126 355
4 1732754825.612104893 461 351
5 1732754825.612104893 75 433
6 1732754825.612104893 111 321
7 1732754825.612104893 295 270
8 1732754825.612104893 127 185
9 1732754825.612104893 332 257
10 1732754825.612104893 441 311
11 1732754825.612104893 373 54
12 1732754825.612104893 12 261
13 1732754825.612104893 112 175
14 1732754825.612104893 56 211
0 1732754825.862104893 138 356
1 1732754825.862104893 104 367
2 1732754825.862104893 117 391
3 1732754825.862104893 125 354
4 1732754825.862104893 462 351
5 1732754825.862104893 73 433
6 1732754825.862104893 110 322
7 1732754825.862104893 295 270
8 1732754825.862104893 127 186
9 1732754825.862104893 332 256
10 1732754825.862104893 441 311
11 1732754825.862104893 373 54
12 1732754825.862104893 12 261
13 1732754825.862104893 112 176
14 1732754825.862104893 56 213
0 1732754826.112104893 139 355
1 1732754826.112104893 104 368
2 1732754826.112104893 117 391
3 1732754826.112104893 125 353
4 1732754826.112104893 463 351
5 1732754826.112104893 71 433
6 1732754826.112104893 111 322
7 1732754826.112104893 294 270
8 1732754826.112104893 129 186
9 1732754826.112104893 333 256
10 1732754826.112104893 444 311
11 1732754826.112104893 373 53
12 1732754826.112104893 11 262
13 1732754826.112104893 113 178
14 1732754826.112104893 56 212
0 1732754826.362104893 139 355
1 1732754826.362104893 105 369
2 1732754826.362104893 118 391
3 1732754826.362104893 125 353
4 1732754826.362104893 464 351
5 1732754826.362104893 71 433
6 1732754826.362104893 112 322
7 1732754826.362104893 295 270
8 1732754826.362104893 131 187
9 1732754826.362104893 333 257
10 1732754826.362104893 445 310
11 1732754826.362104893 375 55
12 1732754826.362104893 12 264
13 1732754826.362104893 115 178
14 1732754826.362104893 56 211
0 1732754826.612104893 140 355
1 1732754826.612104893 105 369
2 1732754826.612104893 118 390
3 1732754826.612104893 125 353
4 1732754826.612104893 465 351
5 1732754826.612104893 70 433
6 1732754826.612104893 113 323
7 1732754826.612104893 295 270
8 1732754826.612104893 131 186
9 1732754826.612104893 333 257
10 1732754826.612104893 447 309
11 1732754826.612104893 376 55
12 1732754826.612104893 13 265
13 1732754826.612104893 116 179
14 1732754826.612104893 55 210
0 1732754826.862104893 141 355
1 1732754826.862104893 105 369
2 1732754826.862104893 119 390
3 1732754826.862104893 125 354
4 1732754826.862104893 467 351
5 1732754826.862104893 71 433
6 1732754826.862104893 114 323
7 1732754826.862104893 296 270
8 1732754826.862104893 132 186
9 1732754826.862104893 335 258
10 1732754826.862104893 448 309
11 1732754826.862104893 375 54
12 1732754826.862104893 14 267
13 1732754826.862104893 116 179
14 1732754826.862104893 56 211
0 1732754827.112104893 141 355
1 1732754827.112104893 105 369
2 1732754827.112104893 119 390
3 1732754827.112104893 126 354
4 1732754827.112104893 468 352
5 1732754827.112104893 71 433
6 1732754827.112104893 114 324
7 1732754827.112104893 296 271
8 1732754827.112104893 132 187
9 1732754827.112104893 334 256
10 1732754827.112104893 451 310
11 1732754827.112104893 375 55
12 1732754827.112104893 15 269
13 1732754827.112104893 117 179
14 1732754827.112104893 56 211
0 1732754827.362104893 141 359
1 1732754827.362104893 101 369
2 1732754827.362104893 118 394
3 1732754827.362104893 126 357
4 1732754827.362104893 469 354
5 1732754827.362104893 70 439
6 1732754827.362104893 112 324
7 1732754827.362104893 296 274
8 1732754827.362104893 132 190
9 1732754827.362104893 332 258
10 1732754827.362104893 450 313
11 1732754827.362104893 373 57
12 1732754827.362104893 14 273
13 1732754827.362104893 113 179
14 1732754827.362104893 56 213
0 1732754827.612104893 140 363
1 1732754827.612104893 101 373
2 1732754827.612104893 118 398
3 1732754827.612104893 125 361
4 1732754827.612104893 469 356
5 1732754827.612104893 69 444
6 1732754827.612104893 112 327
7 1732754827.612104893 296 276
8 1732754827.612104893 132 193
9 1732754827.612104893 331 261
10 1732754827.612104893 450 316
11 1732754827.612104893 372 60
12 1732754827.612104893 14 276
13 1732754827.612104893 113 182
14 1732754827.612104893 55 215
0 1732754827.862104893 140 363
1 1732754827.862104893 100 372
2 1732754827.862104893 116 400
3 1732754827.862104893 125 361
4 1732754827.862104893 469 357
5 1732754827.862104893 71 445
6 1732754827.862104893 111 327
7 1732754827.862104893 297 277
8 1732754827.862104893 131 194
9 1732754827.862104893 332 261
10 1732754827.862104893 451 317
11 1732754827.862104893 372 59
12 1732754827.862104893 14 277
13 1732754827.862104893 113 184
14 1732754827.862104893 55 216
0 1732754828.112104893 138 362
1 1732754828.112104893 99 372
2 1732754828.112104893 113 400
3 1732754828.112104893 125 361
4 1732754828.112104893 470 357
5 1732754828.112104893 71 447
6 1732754828.112104893 110 328
7 1732754828.112104893 296 278
8 1732754828.112104893 131 195
9 1732754828.112104893 331 261
10 1732754828.112104893 451 317
11 1732754828.112104893 370 59
12 1732754828.112104893 14 276
13 1732754828.112104893 113 183
14 1732754828.112104893 54 216
0 1732754828.362104893 137 362
1 1732754828.362104893 99 371
2 1732754828.362104893 113 401
3 1732754828.362104893 125 361
4 1732754828.362104893 471 357
5 1732754828.362104893 70 448
6 1732754828.362104893 109 328
7 1732754828.362104893 296 279
8 1732754828.362104893 130 195
9 1732754828.362104893 332 261
10 1732754828.362104893 453 317
11 1732754828.362104893 370 59
12 1732754828.362104893 14 276
13 1732754828.362104893 114 184
14 1732754828.362104893 54 215
0 1732754828.612104893 136 361
1 1732754828.612104893 98 371
2 1732754828.612104893 112 401
3 1732754828.612104893 126 361
4 1732754828.612104893 473 357
5 1732754828.612104893 70 449
6 1732754828.612104893 109 328
7 1732754828.612104893 296 279
8 1732754828.612104893 131 196
9 1732754828.612104893 332 261
10 1732754828.612104893 454 317
11 1732754828.612104893 370 59
12 1732754828.612104893 14 277
13 1732754828.612104893 114 184
14 1732754828.612104893 54 215
0 1732754828.862104893 136 361
1 1732754828.862104893 98 371
2 1732754828.862104893 112 401
3 1732754828.862104893 126 361
4 1732754828.862104893 474 357
5 1732754828.862104893 70 450
6 1732754828.862104893 109 328
7 1732754828.862104893 297 279
8 1732754828.862104893 131 196
9 1732754828.862104893 332 260
10 1732754828.862104893 456 317
11 1732754828.862104893 369 58
12 1732754828.862104893 14 277
13 1732754828.862104893 115 184
14 1732754828.862104893 55 215
0 1732754829.112104893 135 363
1 1732754829.112104893 97 373
2 1732754829.112104893 111 404
3 1732754829.112104893 124 364
4 1732754829.112104893 473 358
5 1732754829.112104893 70 452
6 1732754829.112104893 107 330
7 1732754829.112104893 296 282
8 1732754829.112104893 130 199
9 1732754829.112104893 332 263
10 1732754829.112104893 455 320
11 1732754829.112104893 368 61
12 1732754829.112104893 13 279
13 1732754829.112104893 114 185
14 1732754829.112104893 54 217
0 1732754829.362104893 134 363
1 1732754829.362104893 96 372
2 1732754829.362104893 110 403
3 1732754829.362104893 123 363
4 1732754829.362104893 471 359
5 1732754829.362104893 70 452
6 1732754829.362104893 108 331
7 1732754829.362104893 295 283
8 1732754829.362104893 131 197
9 1732754829.362104893 332 263
10 1732754829.362104893 455 319
11 1732754829.362104893 366 61
12 1732754829.362104893 13 279
13 1732754829.362104893 114 185
14 1732754829.362104893 53 217
0 1732754829.612104893 132 364
1 1732754829.612104893 96 371
2 1732754829.612104893 109 403
3 1732754829.612104893 122 363
4 1732754829.612104893 471 360
5 1732754829.612104893 70 454
6 1732754829.612104893 106 330
7 1732754829.612104893 295 283
8 1732754829.612104893 132 196
9 1732754829.612104893 332 263
10 1732754829.612104893 456 319
11 1732754829.612104893 365 61
12 1732754829.612104893 11 278
13 1732754829.612104893 116 186
14 1732754829.612104893 52 217
0 1732754829.862104893 132 364
1 1732754829.862104893 97 371
2 1732754829.862104893 109 402
3 1732754829.862104893 123 362
4 1732754829.862104893 473 360
5 1732754829.862104893 70 454
6 1732754829.862104893 107 329
7 1732754829.862104893 296 284
8 1732754829.862104893 132 195
9 1732754829.862104893 333 263
10 1732754829.862104893 458 319
11 1732754829.862104893 365 61
12 1732754829.862104893 12 279
13 1732754829.862104893 117 185
14 1732754829.862104893 53 218
0 1732754830.112104893 132 364
1 1732754830.112104893 97 371
2 1732754830.112104893 108 402
3 1732754830.112104893 123 362
4 1732754830.112104893 474 361
5 1732754830.112104893 71 455
6 1732754830.112104893 107 329
7 1732754830.112104893 297 285
8 1732754830.112104893 133 196
9 1732754830.112104893 334 263
10 1732754830.112104893 459 319
11 1732754830.112104893 364 60
12 1732754830.112104893 13 280
13 1732754830.112104893 119 185
14 1732754830.112104893 54 218
0 1732754830.362104893 132 367
1 1732754830.362104893 96 373
2 1732754830.362104893 108 405
3 1732754830.362104893 123 365
4 1732754830.362104893 473 364
5 1732754830.362104893 70 455
6 1732754830.362104893 106 330
7 1732754830.362104893 297 288
8 1732754830.362104893 133 200
9 1732754830.362104893 332 266
10 1732754830.362104893 459 323
11 1732754830.362104893 364 64
12 1732754830.362104893 12 282
13 1732754830.362104893 118 186
14 1732754830.362104893 54 221
0 1732754830.612104893 132 368
1 1732754830.612104893 97 374
2 1732754830.612104893 109 406
3 1732754830.612104893 123 365
4 1732754830.612104893 474 365
5 1732754830.612104893 71 458
6 1732754830.612104893 107 331
7 1732754830.612104893 298 289
8 1732754830.612104893 134 200
9 1732754830.612104893 332 266
10 1732754830.612104893 461 323
11 1732754830.612104893 363 63
12 1732754830.612104893 14 283
13 1732754830.612104893 120 188
14 1732754830.612104893 53 222
0 1732754830.862104893 132 369
1 1732754830.862104893 97 373
2 1732754830.862104893 110 408
3 1732754830.862104893 124 367
4 1732754830.862104893 475 366
5 1732754830.862104893 72 459
6 1732754830.862104893 107 330
7 1732754830.862104893 298 289
8 1732754830.862104893 134 201
9 1732754830.862104893 331 266
10 1732754830.862104893 462 323
11 1732754830.862104893 362 63
12 1732754830.862104893 15 284
13 1732754830.862104893 122 188
14 1732754830.862104893 53 223
0 1732754831.112104893 133 370
1 1732754831.112104893 97 373
2 1732754831.112104893 110 408
3 1732754831.112104893 124 368
4 1732754831.112104893 476 367
5 1732754831.112104893 72 459
6 1732754831.112104893 107 331
7 1732754831.112104893 299 289
8 1732754831.112104893 135 202
9 1732754831.112104893 332 265
10 1732754831.112104893 464 323
11 1732754831.112104893 361 62
12 1732754831.112104893 17 285
13 1732754831.112104893 125 188
14 1732754831.112104893 53 223
0 1732754831.362104893 134 375
1 1732754831.362104893 95 375
2 1732754831.362104893 107 412
3 1732754831.362104893 124 372
4 1732754831.362104893 475 368
5 1732754831.362104893 70 463
6 1732754831.362104893 106 332
7 1732754831.362104893 299 293
8 1732754831.362104893 135 204
9 1732754831.362104893 331 268
10 1732754831.362104893 463 325
11 1732754831.362104893 361 66
12 1732754831.362104893 14 286
13 1732754831.362104893 123 188
14 1732754831.362104893 51 226
0 1732754831.612104893 133 376
1 1732754831.612104893 95 377
2 1732754831.612104893 107 413
3 1732754831.612104893 125 372
4 1732754831.612104893 474 369
5 1732754831.612104893 68 466
6 1732754831.612104893 106 332
7 1732754831.612104893 299 293
8 1732754831.612104893 136 205
9 1732754831.612104893 331 269
10 1732754831.612104893 464 324
11 1732754831.612104893 361 65
12 1732754831.612104893 16 289
13 1732754831.612104893 124 191
14 1732754831.612104893 52 227
0 1732754831.862104893 133 376
1 1732754831.862104893 96 378
2 1732754831.862104893 108 413
3 1732754831.862104893 125 373
4 1732754831.862104893 475 371
5 1732754831.862104893 67 467
6 1732754831.862104893 106 332
7 1732754831.862104893 300 293
8 1732754831.862104893 137 206
9 1732754831.862104893 331 270
10 1732754831.862104893 465 324
11 1732754831.862104893 360 65
12 1732754831.862104893 16 290
13 1732754831.862104893 125 192
14 1732754831.862104893 51 227
