0 0.000000 146.00 277.00
0 0.020000 146.95 277.66
0 0.040000 147.88 278.14
0 0.060000 148.94 278.65
0 0.080000 149.81 279.12
0 0.100000 150.75 279.61
0 0.120000 151.70 280.05
0 0.140000 152.59 280.47
0 0.160000 153.36 280.86
0 0.180000 154.22 281.41
0 0.200000 154.94 281.72
0 0.220000 155.77 282.17
0 0.240000 156.69 282.66
0 0.260000 157.48 282.93
0 0.280000 158.26 283.30
0 0.300000 159.04 283.69
0 0.320000 159.58 284.00
0 0.340000 160.35 284.39
0 0.360000 161.08 284.70
0 0.380000 161.99 285.07
0 0.400000 162.92 285.61
0 0.420000 163.89 285.95
0 0.440000 164.65 286.32
0 0.460000 165.63 286.73
0 0.480000 166.51 287.15
0 0.500000 167.35 287.55
0 0.520000 168.28 287.85
0 0.540000 169.00 288.31
0 0.560000 169.83 288.62
0 0.580000 170.60 289.01
0 0.600000 171.62 289.41
0 0.620000 172.82 289.83
0 0.640000 173.93 290.34
0 0.660000 175.10 290.80
0 0.680000 176.19 291.33
0 0.700000 177.51 291.96
0 0.720000 178.90 292.38
0 0.740000 180.19 292.89
0 0.760000 181.57 293.41
0 0.780000 182.86 293.88
0 0.800000 184.17 294.45
0 0.820000 185.76 294.90
0 0.840000 187.16 295.45
0 0.860000 188.61 295.95
0 0.880000 190.31 296.43
0 0.900000 191.82 296.94
0 0.920000 193.41 297.38
0 0.940000 195.12 297.99
0 0.960000 196.76 298.50
0 0.980000 198.46 299.00
0 1.000000 200.34 299.57
0 1.020000 202.02 300.05
0 1.040000 203.79 300.56
0 1.060000 205.45 301.04
0 1.080000 207.26 301.60
0 1.100000 209.01 301.98
0 1.120000 210.78 302.47
0 1.140000 212.60 302.94
0 1.160000 214.50 303.51
0 1.180000 216.47 303.92
0 1.200000 218.36 304.40
0 1.220000 220.20 304.94
0 1.240000 222.15 305.29
0 1.260000 225.23 305.76
0 1.280000 227.10 306.21
0 1.300000 228.94 306.60
0 1.320000 230.94 306.97
0 1.340000 233.00 307.49
0 1.360000 235.10 307.82
0 1.380000 237.10 308.29
0 1.400000 239.18 308.56
0 1.420000 241.31 308.92
0 1.440000 243.37 309.28
0 1.460000 245.55 309.70
0 1.480000 248.74 310.07
0 1.500000 250.92 310.46
0 1.520000 252.94 310.71
0 1.540000 254.99 310.96
0 1.560000 257.23 311.31
0 1.580000 259.51 311.57
0 1.600000 261.64 311.83
0 1.620000 263.74 312.0
0 1.640000 265.98 312.41
0 1.660000 268.16 312.71
0 1.680000 270.30 312.95
0 1.700000 270.38 312.92
0 1.720000 272.61 313.17
0 1.740000 274.72 313.44
0 1.760000 276.88 313.59
0 1.780000 277.09 313.66
0 1.800000 277.25 313.62
0 1.820000 277.38 313.59
0 1.840000 277.50 313.64
0 1.860000 278.67 313.66
0 1.880000 281.79 313.94
0 1.900000 285.01 314.03
0 1.920000 288.00 314.25
0 1.940000 291.16 314.46
1 0.000000 119.00 325.00
1 0.020000 120.47 325.79
1 0.040000 121.80 326.55
1 0.060000 123.18 327.28
1 0.080000 124.79 328.09
1 0.100000 126.24 328.86
1 0.120000 127.87 329.65
1 0.140000 129.28 330.32
1 0.160000 131.03 331.09
1 0.180000 132.66 331.98
1 0.200000 134.14 332.64
1 0.220000 135.64 333.29
1 0.240000 137.36 334.00
1 0.260000 138.98 334.74
1 0.280000 140.60 335.33
1 0.300000 141.99 336.00
1 0.320000 143.24 336.49
1 0.340000 144.54 337.09
1 0.360000 145.99 337.67
1 0.380000 147.31 338.25
1 0.400000 148.62 338.71
1 0.420000 150.06 339.32
1 0.440000 151.64 339.90
1 0.460000 153.16 340.49
1 0.480000 154.66 341.17
1 0.500000 156.39 341.80
1 0.520000 157.89 342.33
1 0.540000 159.39 342.90
1 0.560000 160.84 343.39
1 0.580000 162.13 343.87
1 0.600000 163.38 344.29
1 0.620000 164.74 344.85
1 0.640000 166.11 345.37
1 0.660000 167.48 345.81
1 0.680000 168.76 346.36
1 0.700000 170.39 346.85
1 0.720000 171.78 347.33
1 0.740000 172.99 347.76
1 0.760000 174.02 348.04
1 0.780000 174.86 348.35
1 0.800000 175.95 348.72
1 0.820000 177.26 349.15
1 0.840000 178.49 349.59
1 0.860000 180.10 350.03
1 0.880000 181.84 350.63
1 0.900000 183.50 351.12
1 0.920000 185.16 351.54
1 0.940000 186.84 352.07
1 0.960000 188.51 352.51
1 0.980000 190.26 353.08
1 1.000000 192.04 353.54
1 1.020000 194.09 354.06
1 1.040000 196.23 354.64
1 1.060000 198.37 355.17
1 1.080000 200.64 355.67
1 1.100000 202.91 356.26
1 1.120000 205.18 356.84
1 1.140000 207.50 357.34
1 1.160000 209.89 357.84
1 1.180000 212.08 358.42
1 1.200000 214.33 358.97
1 1.220000 216.57 359.44
1 1.240000 218.98 359.90
1 1.260000 221.60 360.33
1 1.280000 223.95 360.86
1 1.300000 226.46 361.20
1 1.320000 228.93 361.69
1 1.340000 231.30 362.16
1 1.360000 234.00 362.64
1 1.380000 236.60 363.15
1 1.400000 239.23 363.62
1 1.420000 241.82 364.00
1 1.440000 244.73 364.53
1 1.460000 247.44 364.84
1 1.480000 250.34 365.15
1 1.500000 252.96 365.58
1 1.520000 255.58 365.94
1 1.540000 258.32 366.31
1 1.560000 261.28 366.67
1 1.580000 264.07 367.01
1 1.600000 267.01 367.31
1 1.620000 269.83 367.65
1 1.640000 272.81 367.91
1 1.660000 275.61 368.23
1 1.680000 278.53 368.48
1 1.700000 281.61 368.62
1 1.720000 284.65 368.91
1 1.740000 287.57 369.14
1 1.760000 290.66 369.29
1 1.780000 293.48 369.42
1 1.800000 296.73 369.45
1 1.820000 299.68 369.77
1 1.840000 302.70 369.71
1 1.860000 305.80 369.79
1 1.880000 308.91 369.92
1 1.900000 311.86 369.90
1 1.920000 314.96 369.90
1 1.940000 317.91 369.86
2 0.000000 109.00 342.00
2 0.020000 110.31 342.71
2 0.040000 111.65 343.55
2 0.060000 113.04 344.15
2 0.080000 114.43 344.93
2 0.100000 115.98 345.78
2 0.120000 117.52 346.50
2 0.140000 119.26 347.39
2 0.160000 120.96 348.29
2 0.180000 122.56 349.15
2 0.200000 124.33 349.99
2 0.220000 126.22 350.79
2 0.240000 128.06 351.72
2 0.260000 130.10 352.63
2 0.280000 132.16 353.48
2 0.300000 134.11 354.40
2 0.320000 136.02 355.28
2 0.340000 138.37 356.27
2 0.360000 140.37 357.16
2 0.380000 142.60 358.02
2 0.400000 144.80 358.88
2 0.420000 147.07 359.79
2 0.440000 149.45 360.58
2 0.460000 151.61 361.52
2 0.480000 153.97 362.38
2 0.500000 156.43 363.32
2 0.520000 158.89 364.20
2 0.540000 161.29 365.02
2 0.560000 163.73 365.88
2 0.580000 166.14 366.70
2 0.600000 168.73 367.50
2 0.620000 171.21 368.26
2 0.640000 173.70 369.12
2 0.660000 176.26 369.85
2 0.680000 178.82 370.68
2 0.700000 181.49 371.40
2 0.720000 184.10 372.29
2 0.740000 186.70 373.04
2 0.760000 189.42 373.69
2 0.780000 192.04 374.45
2 0.800000 194.77 375.23
2 0.820000 197.53 375.86
2 0.840000 200.28 376.59
2 0.860000 203.16 377.24
2 0.880000 205.88 377.96
2 0.900000 208.67 378.59
2 0.920000 211.64 379.14
2 0.940000 214.31 379.73
2 0.960000 217.25 380.32
2 0.980000 220.05 380.91
2 1.000000 222.87 381.45
2 1.020000 225.66 381.98
2 1.040000 228.50 382.54
2 1.060000 231.37 383.08
2 1.080000 234.24 383.47
2 1.100000 237.08 383.99
3 0.000000 134.00 293.00
3 0.020000 134.93 293.49
3 0.040000 135.64 293.84
3 0.060000 136.19 294.23
3 0.080000 136.79 294.61
3 0.100000 137.25 294.85
3 0.120000 137.94 295.09
3 0.140000 138.46 295.46
3 0.160000 139.02 295.78
3 0.180000 139.60 296.02
3 0.200000 140.19 296.47
3 0.220000 141.13 296.93
3 0.240000 142.14 297.45
3 0.260000 143.19 297.88
3 0.280000 144.11 298.39
3 0.300000 145.02 298.89
3 0.320000 146.08 299.41
3 0.340000 147.30 299.88
3 0.360000 148.52 300.50
3 0.380000 149.78 301.21
3 0.400000 151.32 301.86
3 0.420000 152.73 302.53
3 0.440000 154.05 303.17
3 0.460000 155.52 303.83
3 0.480000 156.87 304.36
3 0.500000 158.50 304.92
3 0.520000 159.82 305.59
3 0.540000 161.40 306.22
3 0.560000 162.73 306.83
3 0.580000 164.25 307.36
3 0.600000 165.73 307.92
3 0.620000 167.02 308.52
3 0.640000 168.55 309.04
3 0.660000 170.11 309.66
3 0.680000 171.63 310.23
3 0.700000 173.37 310.80
3 0.720000 175.02 311.49
3 0.740000 176.75 312.05
3 0.760000 178.53 312.58
3 0.780000 180.06 313.21
3 0.800000 181.81 313.76
3 0.820000 183.26 314.31
3 0.840000 184.94 314.84
3 0.860000 186.79 315.42
3 0.880000 188.50 315.77
3 0.900000 189.88 316.40
3 0.920000 191.49 316.83
3 0.940000 193.07 317.33
3 0.960000 194.93 317.77
3 0.980000 196.69 318.33
3 1.000000 198.37 318.88
3 1.020000 200.01 319.26
3 1.040000 201.64 319.73
3 1.060000 203.24 320.19
3 1.080000 205.12 320.63
3 1.100000 206.68 321.15
3 1.120000 208.33 321.55
3 1.140000 210.16 322.04
3 1.160000 211.82 322.41
3 1.180000 213.19 322.81
3 1.200000 214.78 323.22
3 1.220000 216.33 323.45
3 1.240000 217.99 323.94
3 1.260000 218.96 324.28
3 1.280000 220.56 324.75
3 1.300000 222.13 325.05
3 1.320000 223.66 325.45
3 1.340000 225.52 325.79
3 1.360000 227.48 326.27
3 1.380000 229.43 326.68
3 1.400000 231.32 327.07
3 1.420000 233.38 327.42
3 1.440000 235.42 327.84
3 1.460000 237.46 328.21
3 1.480000 238.12 328.36
3 1.500000 240.14 328.66
3 1.520000 242.22 329.00
3 1.540000 244.35 329.34
3 1.560000 246.40 329.72
3 1.580000 248.51 330.16
3 1.600000 250.68 330.49
3 1.620000 252.86 330.80
3 1.640000 255.07 331.04
3 1.660000 257.39 331.37
3 1.680000 259.54 331.74
3 1.700000 260.52 331.91
3 1.720000 262.79 332.21
3 1.740000 265.04 332.60
3 1.760000 267.42 332.83
3 1.780000 267.94 333.00
3 1.800000 268.97 333.20
3 1.820000 269.85 333.30
3 1.840000 270.62 333.47
3 1.860000 271.35 333.60
3 1.880000 271.97 333.69
3 1.900000 272.86 333.68
3 1.920000 273.63 333.86
3 1.940000 274.22 334.03
4 0.000000 416.00 282.00
4 0.020000 419.21 281.50
4 0.040000 422.23 281.13
4 0.060000 425.23 280.72
4 0.080000 428.25 280.35
4 0.100000 431.26 279.69
4 0.120000 434.18 279.31
4 0.140000 437.11 278.67
4 0.160000 439.89 278.19
4 0.180000 442.65 277.79
4 0.200000 445.33 277.22
4 0.220000 447.95 276.75
4 0.240000 450.61 276.23
4 0.260000 453.17 275.76
4 0.280000 455.46 275.67
4 0.300000 458.01 274.90
4 0.320000 460.33 274.49
4 0.340000 462.84 273.82
4 0.360000 464.92 273.52
4 0.380000 467.24 272.72
4 0.400000 469.19 272.52
4 0.420000 470.91 272.51
4 0.440000 472.75 271.95
4 0.460000 474.10 271.53
4 0.480000 475.22 271.41
4 0.500000 476.44 271.05
4 0.520000 478.07 270.48
4 0.540000 480.02 269.98
4 0.560000 482.60 269.31
4 0.580000 485.38 268.43
4 0.600000 488.18 267.70
4 0.620000 490.73 266.98
4 0.640000 493.37 266.18
4 0.660000 496.06 265.40
4 0.680000 498.55 264.72
4 0.700000 501.10 264.01
4 0.720000 503.68 263.22
4 0.740000 506.08 262.27
4 0.760000 508.61 261.46
4 0.780000 511.05 260.75
4 1.240000 511.98 260.75
5 0.000000 97.00 364.00
5 0.020000 98.54 364.92
5 0.040000 99.84 365.60
5 0.060000 101.20 366.36
5 0.080000 102.77 367.12
5 0.100000 104.37 367.93
5 0.120000 106.15 368.82
5 0.140000 107.65 369.61
5 0.160000 109.27 370.49
5 0.180000 110.90 371.35
5 0.200000 112.81 372.19
5 0.220000 114.54 373.05
5 0.240000 116.61 373.97
5 0.260000 118.76 374.94
5 0.280000 120.92 375.75
5 0.300000 122.97 376.75
5 0.320000 124.87 377.60
5 0.340000 126.84 378.44
5 0.360000 128.77 379.24
5 0.380000 131.00 380.28
5 0.400000 132.95 381.05
5 0.420000 135.07 381.88
5 0.440000 137.25 382.71
5 0.460000 139.25 383.52
5 1.500000 141.33 383.82
5 1.860000 142.42 383.84
5 1.880000 142.91 383.96
6 0.000000 126.00 311.00
6 0.020000 126.97 311.55
6 0.040000 127.91 311.98
6 0.060000 128.46 312.30
6 0.080000 128.95 312.55
6 0.100000 129.45 312.81
6 0.120000 129.88 313.01
6 0.140000 130.52 313.36
6 0.160000 130.95 313.61
6 0.180000 131.31 313.84
6 0.200000 131.72 314.05
6 0.220000 132.11 314.27
6 0.240000 132.50 314.42
6 0.260000 132.89 314.63
6 0.280000 133.24 314.80
6 0.300000 133.56 315.07
6 0.320000 134.06 315.32
6 0.340000 134.60 315.59
6 0.360000 135.25 315.95
6 0.380000 136.33 316.46
6 0.400000 137.55 317.04
6 0.420000 138.75 317.59
6 0.440000 139.93 318.12
6 0.460000 141.16 318.88
6 0.480000 142.67 319.50
6 0.500000 144.22 320.23
6 0.520000 145.86 320.93
6 0.540000 147.52 321.66
6 0.560000 149.21 322.41
6 0.580000 151.00 323.15
6 0.600000 152.91 323.91
6 0.620000 154.67 324.70
6 0.640000 156.57 325.45
6 0.660000 158.58 326.24
6 0.680000 160.68 327.07
6 0.700000 162.68 327.91
6 0.720000 164.75 328.69
6 0.740000 166.83 329.51
6 0.760000 168.91 330.17
6 0.780000 170.96 330.89
6 0.800000 173.06 331.67
6 0.820000 175.21 332.41
6 0.840000 177.39 333.11
6 0.860000 179.78 333.84
6 0.880000 182.04 334.64
6 0.900000 184.36 335.25
6 0.920000 186.59 335.88
6 0.940000 188.83 336.59
6 0.960000 190.94 337.30
6 0.980000 193.19 337.90
6 1.000000 195.55 338.59
6 1.020000 197.83 339.13
6 1.040000 200.15 339.81
6 1.060000 202.43 340.27
6 1.080000 204.94 340.90
6 1.100000 207.09 341.55
6 1.120000 209.45 342.01
6 1.140000 211.73 342.58
6 1.160000 213.96 343.08
6 1.180000 216.25 343.51
6 1.200000 218.37 344.08
6 1.220000 220.62 344.51
6 1.240000 223.06 345.01
6 1.260000 225.22 345.62
6 1.280000 227.45 346.01
6 1.300000 229.84 346.46
6 1.320000 232.04 346.90
6 1.340000 234.35 347.26
6 1.360000 236.48 347.61
6 1.380000 238.65 348.06
6 1.400000 240.89 348.43
6 1.420000 243.00 348.69
6 1.440000 245.03 349.04
6 1.460000 247.26 349.39
6 1.480000 250.00 349.76
6 1.500000 252.39 350.14
6 1.520000 254.34 350.41
6 1.540000 256.54 350.62
6 1.560000 258.62 350.92
6 1.580000 260.66 351.22
6 1.600000 262.92 351.39
6 1.620000 265.06 351.63
6 1.640000 267.28 351.83
6 1.660000 269.57 352.16
6 1.680000 271.91 352.52
6 1.700000 274.20 352.82
6 1.720000 276.53 352.93
6 1.740000 278.77 353.13
6 1.760000 281.21 353.36
6 1.780000 283.75 353.58
6 1.800000 286.33 353.65
6 1.820000 288.72 353.83
6 1.840000 291.30 353.98
6 1.860000 293.61 354.18
6 1.880000 295.85 354.17
6 1.900000 298.30 354.31
6 1.920000 300.44 354.34
6 1.940000 303.06 354.50
7 0.000000 312.00 251.00
7 0.020000 312.07 251.00
7 0.040000 312.08 251.00
7 0.060000 312.12 250.99
7 0.080000 312.17 251.00
7 0.100000 312.18 251.01
7 0.120000 312.23 251.00
7 0.140000 312.33 251.00
7 0.160000 315.70 250.83
7 0.180000 319.92 250.69
7 0.200000 324.10 250.71
7 0.220000 328.10 250.49
7 0.240000 332.27 250.61
7 0.260000 336.47 250.46
7 0.280000 340.70 250.02
7 0.300000 344.84 249.97
7 0.320000 348.87 250.01
7 0.340000 353.16 249.61
7 0.360000 357.17 249.40
7 0.380000 361.26 249.21
7 0.400000 365.44 248.89
7 0.420000 369.45 248.87
7 0.440000 373.65 248.69
7 0.460000 377.74 248.62
7 0.480000 381.87 248.34
7 0.500000 386.19 247.86
7 0.520000 390.10 248.10
7 0.540000 394.25 247.65
7 0.560000 398.42 247.32
7 0.580000 402.72 246.46
7 0.600000 406.81 246.34
7 0.620000 410.95 245.86
7 0.640000 414.99 245.37
7 0.660000 419.03 245.10
7 0.680000 423.05 244.41
7 0.700000 426.93 244.33
7 0.720000 430.98 243.99
7 0.740000 434.90 243.68
7 0.760000 438.84 243.22
7 0.780000 442.74 242.88
7 0.800000 446.55 242.52
7 0.820000 450.32 242.33
7 0.840000 454.03 242.05
7 0.860000 457.92 241.37
7 0.880000 461.90 240.56
7 0.900000 465.45 240.37
7 0.920000 469.36 239.55
7 0.940000 473.02 239.01
7 0.960000 476.43 238.56
7 0.980000 480.32 237.63
7 1.000000 483.78 237.16
7 1.020000 487.10 236.94
7 1.040000 490.60 236.45
7 1.060000 494.02 235.84
7 1.080000 497.65 235.02
7 1.100000 500.70 234.90
7 1.120000 504.00 234.09
7 1.140000 507.56 233.16
7 1.160000 510.63 232.62
7 1.260000 511.53 231.84
7 1.500000 511.97 231.88
8 0.000000 107.00 131.00
8 0.020000 107.91 131.53
8 0.040000 108.65 132.06
8 0.060000 109.58 132.66
8 0.080000 110.61 133.31
8 0.100000 111.57 133.85
8 0.120000 112.62 134.41
8 0.140000 113.62 135.03
8 0.160000 114.67 135.59
8 0.180000 115.71 136.17
8 0.200000 116.77 136.85
8 0.220000 117.84 137.42
8 0.240000 118.88 138.00
8 0.260000 120.01 138.55
8 0.280000 121.20 139.11
8 0.300000 122.34 139.71
8 0.320000 123.54 140.26
8 0.340000 124.77 140.82
8 0.360000 125.90 141.34
8 0.380000 127.09 141.91
8 0.400000 128.41 142.45
8 0.420000 129.64 142.94
8 0.440000 131.06 143.52
8 0.460000 132.37 144.09
8 0.480000 133.66 144.59
8 0.500000 135.00 145.06
8 0.520000 136.19 145.57
8 0.540000 137.57 146.04
8 0.560000 138.87 146.43
8 0.580000 140.18 146.91
8 0.600000 141.64 147.39
8 0.620000 142.85 147.82
8 0.640000 144.04 148.18
8 0.660000 145.41 148.60
8 0.680000 146.55 148.99
8 0.700000 147.60 149.24
8 0.720000 148.93 149.66
8 0.740000 150.31 150.09
8 0.760000 151.75 150.60
8 0.780000 153.12 151.00
8 0.800000 154.38 151.40
8 0.820000 156.01 151.92
8 0.840000 157.42 152.40
8 0.860000 159.06 152.82
8 0.880000 160.67 153.29
8 0.900000 162.42 153.79
8 0.920000 164.05 154.22
8 0.940000 165.77 154.70
8 0.960000 167.54 155.14
8 0.980000 169.33 155.67
8 1.000000 171.05 156.10
8 1.020000 172.85 156.46
8 1.040000 174.65 156.94
8 1.060000 176.57 157.36
8 1.080000 178.44 157.85
8 1.100000 180.26 158.22
8 1.120000 182.22 158.63
8 1.140000 184.14 159.05
8 1.160000 185.94 159.54
8 1.180000 187.94 159.93
8 1.200000 189.90 160.29
8 1.220000 191.92 160.73
8 1.240000 193.97 161.08
8 1.260000 195.85 161.28
8 1.280000 197.75 161.62
8 1.300000 199.69 162.00
8 1.320000 201.76 162.35
8 1.340000 203.70 162.72
8 1.360000 205.79 163.07
8 1.380000 207.90 163.47
8 1.400000 210.05 163.85
8 1.420000 212.10 164.15
8 1.440000 214.20 164.51
8 1.460000 216.35 164.81
8 1.480000 216.77 164.85
8 1.500000 218.93 165.18
8 1.520000 221.07 165.56
8 1.540000 223.34 165.92
8 1.560000 225.57 166.23
8 1.580000 227.87 166.59
8 1.600000 230.22 166.85
8 1.620000 232.45 167.17
8 1.640000 234.83 167.54
8 1.660000 237.23 167.81
8 1.680000 239.52 168.11
8 1.700000 242.78 168.20
8 1.720000 244.68 168.20
8 1.740000 246.62 168.34
8 1.760000 248.62 168.47
8 1.780000 251.56 168.68
8 1.800000 254.41 169.07
8 1.820000 257.43 169.24
8 1.840000 259.91 169.20
8 1.860000 262.31 169.24
8 1.880000 264.67 169.42
8 1.900000 266.36 169.42
8 1.920000 267.03 169.46
8 1.940000 267.42 169.37
9 0.000000 344.00 251.00
9 0.020000 344.18 251.02
9 0.040000 344.22 251.01
9 0.060000 344.31 250.99
9 0.080000 344.37 250.95
9 0.100000 344.43 250.96
9 0.120000 344.48 250.95
9 0.140000 344.51 250.98
9 0.160000 344.57 250.98
9 0.180000 344.56 250.98
9 0.200000 344.57 250.98
9 0.220000 344.61 250.98
9 0.240000 344.64 251.00
9 0.260000 344.68 250.99
9 0.280000 344.80 250.99
9 0.300000 345.27 251.00
9 0.320000 349.31 250.91
9 0.340000 353.53 250.44
9 0.360000 357.59 250.25
9 0.380000 361.71 250.12
9 0.400000 365.94 249.74
9 0.420000 370.01 249.58
9 0.440000 374.14 249.39
9 0.460000 378.14 249.29
9 0.480000 382.22 248.91
9 0.500000 386.47 248.38
9 0.520000 390.40 248.62
9 0.540000 394.56 248.17
9 0.560000 398.74 247.80
9 0.580000 403.04 246.93
9 0.600000 407.08 246.85
9 0.620000 411.15 246.35
9 0.640000 415.16 245.88
9 0.660000 419.12 245.66
9 0.680000 423.14 244.97
9 0.700000 427.02 244.88
9 0.720000 431.02 244.55
9 0.740000 434.90 244.23
9 0.760000 438.85 243.76
9 0.780000 442.75 243.42
9 0.800000 446.64 242.86
9 0.820000 450.41 242.66
9 0.840000 454.13 242.38
9 0.860000 458.01 241.70
9 0.880000 461.99 240.81
9 0.900000 465.54 240.62
9 0.920000 469.45 239.80
9 0.940000 473.11 239.26
9 0.960000 476.52 238.81
9 0.980000 480.41 237.87
9 1.000000 483.87 237.41
9 1.020000 487.19 237.19
9 1.040000 490.69 236.66
9 1.060000 494.12 236.05
9 1.080000 497.69 235.28
9 1.100000 500.74 235.16
9 1.120000 504.07 234.30
9 1.140000 507.63 233.37
9 1.160000 510.70 232.84
9 1.260000 511.61 232.05
9 1.500000 511.96 232.10
10 0.000000 419.00 301.00
10 0.020000 422.05 300.47
10 0.040000 425.05 299.87
10 0.060000 428.06 299.25
10 0.080000 431.11 298.65
10 0.100000 434.10 298.01
10 0.120000 437.10 297.35
10 0.140000 440.03 296.73
10 0.160000 442.90 296.03
10 0.180000 445.83 295.34
10 0.200000 448.69 294.65
10 0.220000 451.54 293.97
10 0.240000 454.42 293.23
10 0.260000 457.24 292.49
10 0.280000 460.04 291.76
10 0.300000 462.78 291.07
10 0.320000 465.50 290.21
10 0.340000 468.29 289.43
10 0.360000 470.96 288.63
10 0.380000 473.66 287.85
10 0.400000 476.36 287.03
10 0.420000 479.03 286.15
10 0.440000 481.67 285.29
10 0.460000 484.25 284.42
10 0.480000 486.73 283.50
10 0.500000 489.28 282.62
10 0.520000 491.69 281.80
10 0.540000 494.15 280.91
10 0.560000 496.62 280.02
10 0.580000 498.99 279.11
10 0.600000 501.38 278.18
10 0.620000 503.61 277.26
10 0.640000 505.81 276.38
10 0.660000 508.17 275.40
10 0.680000 510.24 274.53
10 1.260000 511.19 273.90
10 1.320000 511.92 273.57
11 0.000000 382.00 29.00
11 0.020000 381.33 28.93
11 0.040000 380.73 29.00
11 0.060000 380.22 28.75
11 0.080000 379.47 28.90
11 0.100000 378.91 28.76
11 0.120000 378.21 28.50
11 0.140000 377.37 28.86
11 0.160000 376.83 28.65
11 0.180000 375.99 28.66
11 0.200000 375.26 28.57
11 0.220000 374.50 28.57
11 0.240000 374.22 28.35
11 0.260000 373.42 28.29
11 0.280000 372.91 28.16
11 0.300000 372.23 28.13
11 0.320000 371.55 28.01
11 0.340000 371.03 27.92
11 0.360000 370.31 27.98
11 0.380000 369.67 27.82
11 0.400000 368.92 27.89
11 0.420000 368.41 27.82
11 0.440000 368.02 27.72
11 0.460000 367.59 27.75
11 0.480000 367.02 27.65
11 0.500000 366.55 27.79
11 0.520000 366.08 27.62
11 0.540000 365.72 27.74
11 0.560000 365.06 27.75
11 0.580000 364.63 27.69
11 0.600000 364.36 27.70
11 0.620000 363.62 27.70
11 0.640000 363.21 27.51
11 0.660000 362.49 27.42
11 0.680000 361.89 27.44
11 0.700000 361.36 27.32
11 0.720000 360.79 27.28
11 0.740000 360.06 27.21
11 0.760000 359.68 27.06
11 0.780000 358.84 27.01
11 0.800000 358.32 26.76
11 0.820000 357.78 26.70
11 0.840000 357.24 26.61
11 0.860000 356.47 26.44
11 0.880000 355.83 26.37
11 0.900000 355.31 26.25
11 0.920000 354.69 26.16
11 0.940000 354.12 26.03
11 0.960000 353.40 25.89
11 0.980000 352.86 25.94
11 1.000000 352.03 25.82
11 1.020000 351.41 25.85
11 1.040000 351.00 25.86
11 1.060000 350.22 25.70
11 1.080000 349.65 25.58
11 1.100000 348.99 25.57
11 1.120000 348.42 25.52
11 1.140000 347.93 25.47
11 1.160000 347.21 25.48
11 1.180000 346.70 25.38
11 1.200000 346.16 25.43
11 1.220000 345.58 25.32
11 1.240000 345.02 25.37
11 1.260000 344.93 25.35
11 1.280000 344.45 25.32
11 1.300000 343.81 25.25
11 1.320000 343.19 25.22
11 1.340000 342.67 25.26
11 1.360000 342.13 25.12
11 1.380000 341.53 25.11
11 1.400000 341.05 25.16
11 1.420000 340.37 25.02
11 1.440000 339.83 25.04
11 1.460000 339.20 24.98
11 1.480000 339.17 24.97
11 1.500000 338.62 24.91
11 1.520000 337.96 24.94
11 1.540000 337.50 24.81
11 1.560000 336.93 24.82
11 1.580000 336.37 24.85
11 1.600000 335.70 24.82
11 1.620000 335.19 24.85
11 1.640000 334.56 24.73
11 1.660000 334.08 24.74
11 1.680000 333.50 24.67
11 1.700000 333.49 24.69
11 1.720000 332.95 24.68
11 1.740000 332.28 24.70
11 1.760000 331.74 24.67
11 1.780000 331.73 24.66
11 1.800000 331.70 24.66
11 1.820000 331.70 24.69
11 1.840000 331.69 24.69
11 1.860000 331.68 24.69
11 1.880000 331.64 24.68
11 1.900000 331.61 24.69
11 1.920000 331.48 24.68
11 1.940000 331.34 24.69
12 0.000000 16.00 218.00
12 0.020000 16.41 218.83
12 0.040000 16.52 219.59
12 0.060000 16.31 220.80
12 0.080000 16.35 221.82
12 0.100000 16.52 222.49
12 0.120000 16.67 223.23
12 0.140000 16.34 224.07
12 0.160000 16.59 225.02
12 0.180000 16.42 226.56
12 0.200000 16.68 226.94
12 0.220000 17.44 227.20
12 0.240000 16.78 228.62
12 0.260000 16.53 230.19
12 0.280000 17.16 230.68
12 0.300000 17.12 231.52
12 0.320000 16.70 233.08
12 0.340000 17.36 233.56
12 0.360000 17.93 233.82
12 0.380000 17.93 234.70
12 0.400000 18.21 235.83
12 0.420000 18.50 236.10
12 0.440000 18.84 236.61
12 0.460000 19.37 236.87
12 0.480000 19.73 237.64
12 0.500000 19.90 238.51
12 0.520000 19.74 238.84
12 0.540000 19.80 239.26
12 0.560000 20.00 239.00
12 0.580000 20.04 238.91
12 0.600000 19.98 238.88
12 0.620000 20.13 239.74
12 0.640000 19.93 240.11
12 0.660000 19.85 239.80
12 0.680000 19.95 240.03
12 0.700000 20.17 240.05
12 0.720000 20.42 239.78
12 0.740000 20.47 239.56
12 0.760000 20.94 240.18
12 0.780000 21.01 240.34
12 0.800000 20.95 240.14
12 0.820000 21.13 239.88
12 0.840000 21.17 239.75
12 0.860000 21.21 239.73
12 0.880000 21.15 239.75
12 0.900000 21.27 240.05
12 0.920000 20.77 240.40
12 0.940000 20.88 240.73
12 0.960000 21.39 240.52
12 0.980000 21.83 240.55
12 1.000000 22.21 240.78
12 1.020000 21.82 241.19
12 1.040000 21.80 241.95
12 1.060000 21.75 242.29
12 1.080000 22.74 243.09
12 1.100000 23.35 242.92
12 1.120000 24.61 243.42
12 1.140000 25.60 243.23
12 1.160000 26.26 243.81
12 1.180000 26.92 244.62
12 1.200000 27.34 245.18
12 1.220000 28.24 247.10
12 1.240000 29.42 246.98
12 1.260000 29.66 247.81
12 1.280000 30.20 248.72
12 1.300000 31.35 248.64
12 1.320000 31.66 249.93
12 1.340000 32.13 250.85
12 1.360000 33.46 250.94
12 1.380000 34.59 251.33
12 1.400000 35.16 253.43
12 1.420000 36.08 254.55
12 1.440000 37.02 255.22
12 1.460000 37.98 256.03
12 1.480000 38.13 256.42
12 1.500000 39.02 257.73
12 1.520000 39.78 259.50
12 1.540000 41.28 259.85
12 1.560000 42.56 259.89
12 1.580000 43.81 260.50
12 1.600000 45.03 260.86
12 1.620000 46.43 262.21
12 1.640000 47.37 262.81
12 1.660000 48.71 263.51
12 1.680000 49.87 265.33
12 1.700000 50.24 266.25
12 1.720000 51.44 267.41
12 1.740000 52.77 268.17
12 1.760000 54.38 268.42
12 1.780000 54.98 269.37
12 1.800000 55.66 270.32
12 1.820000 56.37 271.22
12 1.840000 57.04 272.16
12 1.860000 57.69 273.14
12 1.880000 58.33 273.92
12 1.900000 58.99 274.81
12 1.920000 59.70 275.93
12 1.940000 60.48 276.75
13 0.000000 102.00 154.00
13 0.020000 102.77 154.49
13 0.040000 103.38 155.00
13 0.060000 104.38 155.67
13 0.080000 105.20 156.25
13 0.100000 106.16 156.96
13 0.120000 107.21 157.67
13 0.140000 107.96 158.01
13 0.160000 109.06 158.87
13 0.180000 109.96 159.32
13 0.200000 111.02 160.23
13 0.220000 111.95 160.69
13 0.240000 112.94 161.13
13 0.260000 114.01 161.85
13 0.280000 115.17 162.60
13 0.300000 116.18 163.07
13 0.320000 117.11 163.47
13 0.340000 118.35 164.22
13 0.360000 119.38 164.69
13 0.380000 120.56 165.39
13 0.400000 121.73 165.97
13 0.420000 122.81 166.31
13 0.440000 124.07 166.94
13 0.460000 125.21 167.43
13 0.480000 126.45 167.94
13 0.500000 127.81 168.64
13 0.520000 129.09 169.38
13 0.540000 130.33 169.78
13 0.560000 131.61 170.19
13 0.580000 133.02 170.86
13 0.600000 134.47 171.54
13 0.620000 135.76 171.92
13 0.640000 137.21 172.62
13 0.660000 138.72 173.28
13 0.680000 140.07 173.77
13 0.700000 141.49 174.21
13 0.720000 142.98 174.86
13 0.740000 144.54 175.39
13 0.760000 146.06 175.88
13 0.780000 147.53 176.44
13 0.800000 149.16 177.05
13 0.820000 150.76 177.43
13 0.840000 152.26 177.89
13 0.860000 153.82 178.28
13 0.880000 155.40 178.78
13 0.900000 157.09 179.12
13 0.920000 158.78 179.65
13 0.940000 160.58 180.45
13 0.960000 162.24 180.78
13 0.980000 164.00 181.31
13 1.000000 165.64 181.71
13 1.020000 167.50 182.29
13 1.040000 169.28 182.72
13 1.060000 171.16 183.35
13 1.080000 173.02 183.69
13 1.100000 174.86 184.36
13 1.120000 176.70 184.82
13 1.140000 178.69 185.29
13 1.160000 180.47 185.77
13 1.180000 182.44 186.13
13 1.200000 184.34 186.61
13 1.220000 186.40 187.20
13 1.240000 188.35 187.55
13 1.260000 191.46 187.84
13 1.280000 193.34 187.93
13 1.300000 195.42 188.58
13 1.320000 197.46 189.05
13 1.340000 199.40 189.32
13 1.360000 201.53 189.87
13 1.380000 203.55 190.10
13 1.400000 205.73 190.78
13 1.420000 207.72 190.90
13 1.440000 209.86 191.41
13 1.460000 212.06 191.96
13 1.480000 215.41 192.36
13 1.500000 217.56 192.56
13 1.520000 219.63 192.86
13 1.540000 221.82 193.20
13 1.560000 224.03 193.61
13 1.580000 226.37 194.27
13 1.600000 228.48 194.25
13 1.620000 230.67 194.51
13 1.640000 232.98 195.07
13 1.660000 235.22 195.18
13 1.680000 237.47 195.87
13 1.700000 239.39 196.11
13 1.720000 241.69 196.28
13 1.740000 244.00 196.45
13 1.760000 246.24 196.61
13 1.780000 248.15 196.71
13 1.800000 250.57 196.92
13 1.820000 252.22 197.15
13 1.840000 255.27 197.33
13 1.860000 258.21 197.47
13 1.880000 261.32 197.79
13 1.900000 264.77 197.83
13 1.920000 267.96 198.12
13 1.940000 271.18 198.21
14 0.000000 52.00 187.00
14 0.020000 52.30 187.98
14 0.040000 52.17 188.50
14 0.060000 52.38 189.19
14 0.080000 52.75 190.25
14 0.100000 52.63 190.64
14 0.120000 52.57 190.90
14 0.140000 52.92 191.81
14 0.160000 52.85 192.21
14 0.180000 52.94 192.80
14 0.200000 52.97 193.35
14 0.220000 53.28 194.04
14 0.240000 53.58 194.77
14 0.260000 53.58 195.16
14 0.280000 53.51 195.19
14 0.300000 53.92 196.09
14 0.320000 53.94 196.36
14 0.340000 54.16 196.92
14 0.360000 54.14 197.22
14 0.380000 54.50 197.82
14 0.400000 54.71 198.25
14 0.420000 55.01 198.73
14 0.440000 55.35 199.13
14 0.460000 55.28 199.36
14 0.480000 55.82 200.04
14 0.500000 56.39 200.71
14 0.520000 56.83 201.44
14 0.540000 56.88 201.46
14 0.560000 57.79 202.48
14 0.580000 58.35 203.10
14 0.600000 59.11 203.81
14 0.620000 58.72 203.39
14 0.640000 58.86 203.44
14 0.660000 59.17 203.64
14 0.680000 59.90 204.35
14 0.700000 60.20 204.50
14 0.720000 61.03 205.27
14 0.740000 61.70 205.84
14 0.760000 61.06 204.70
14 0.780000 60.37 203.66
14 0.800000 61.10 204.24
14 0.820000 61.39 204.20
14 0.840000 62.44 205.09
14 0.860000 63.78 206.25
14 0.880000 64.52 206.68
14 0.900000 65.01 206.76
14 0.920000 66.28 207.64
14 0.940000 66.86 207.86
14 0.960000 67.82 208.35
14 0.980000 68.55 208.48
14 1.000000 69.07 208.51
14 1.020000 69.92 208.70
14 1.040000 70.94 209.10
14 1.060000 71.35 208.76
14 1.080000 72.29 208.81
14 1.100000 72.52 208.33
14 1.120000 73.16 208.06
14 1.140000 73.95 207.98
14 1.160000 74.22 207.40
14 1.180000 74.91 206.96
14 1.200000 75.93 207.07
14 1.220000 76.56 206.71
14 1.240000 77.40 206.28
14 1.260000 77.74 207.17
14 1.280000 78.28 206.68
14 1.300000 78.80 205.87
14 1.320000 79.80 205.45
14 1.340000 80.19 204.62
14 1.360000 80.94 203.85
14 1.380000 81.43 202.83
14 1.400000 81.83 201.54
14 1.420000 82.70 200.63
14 1.440000 83.11 199.50
14 1.460000 83.44 197.95
14 1.480000 83.64 198.78
14 1.500000 84.42 197.82
14 1.520000 84.71 196.51
14 1.540000 85.38 195.29
14 1.560000 85.75 194.60
14 1.580000 85.89 194.54
14 1.600000 86.19 194.67
14 1.620000 86.35 195.26
14 1.640000 86.53 195.49
14 1.660000 86.65 196.09
14 1.680000 86.76 196.88
14 1.700000 87.10 197.79
14 1.720000 87.09 198.42
14 1.740000 87.20 199.22
14 1.760000 87.18 200.05
14 1.780000 87.59 200.98
14 1.800000 88.00 201.79
14 1.820000 88.36 202.66
14 1.840000 88.80 203.31
14 1.860000 89.33 204.44
14 1.880000 89.84 205.30
14 1.900000 90.31 206.12
14 1.920000 90.85 207.02
14 1.940000 91.37 207.94
