0 1732754804.362104893 146 277
1 1732754804.362104893 119 325
2 1732754804.362104893 109 342
3 1732754804.362104893 134 293
4 1732754804.362104893 416 282
5 1732754804.362104893 97 364
6 1732754804.362104893 126 311
7 1732754804.362104893 312 251
8 1732754804.362104893 107 131
9 1732754804.362104893 344 251
10 1732754804.362104893 419 301
11 1732754804.362104893 382 29
12 1732754804.362104893 16 218
13 1732754804.362104893 102 154
14 1732754804.362104893 52 187
0 1732754804.612104893 146 276
1 1732754804.612104893 119 324
2 1732754804.612104893 109 341
3 1732754804.612104893 134 292
4 1732754804.612104893 416 281
5 1732754804.612104893 97 363
6 1732754804.612104893 126 310
7 1732754804.612104893 312 250
8 1732754804.612104893 106 130
9 1732754804.612104893 344 250
10 1732754804.612104893 419 300
11 1732754804.612104893 382 28
12 1732754804.612104893 16 217
13 1732754804.612104893 101 153
14 1732754804.612104893 52 186
0 1732754804.862104893 146 276
1 1732754804.862104893 120 324
2 1732754804.862104893 110 341
3 1732754804.862104893 135 292
4 1732754804.862104893 419 281
5 1732754804.862104893 97 363
6 1732754804.862104893 127 310
7 1732754804.862104893 313 250
8 1732754804.862104893 106 129
9 1732754804.862104893 345 250
10 1732754804.862104893 421 301
11 1732754804.862104893 383 28
12 1732754804.862104893 18 217
13 1732754804.862104893 103 153
14 1732754804.862104893 54 186
0 1732754805.112104893 146 274
1 1732754805.112104893 120 323
2 1732754805.112104893 110 340
3 1732754805.112104893 136 290
4 1732754805.112104893 422 280
5 1732754805.112104893 97 362
6 1732754805.112104893 127 309
7 1732754805.112104893 314 249
8 1732754805.112104893 106 128
9 1732754805.112104893 346 250
10 1732754805.112104893 423 301
11 1732754805.112104893 384 26
12 1732754805.112104893 19 216
13 1732754805.112104893 104 153
14 1732754805.112104893 56 185
0 1732754805.362104893 144 276
1 1732754805.362104893 116 324
2 1732754805.362104893 110 343
3 1732754805.362104893 134 292
4 1732754805.362104893 420 282
5 1732754805.362104893 95 365
6 1732754805.362104893 125 310
7 1732754805.362104893 314 252
8 1732754805.362104893 103 130
9 1732754805.362104893 344 251
10 1732754805.362104893 423 305
11 1732754805.362104893 384 29
12 1732754805.362104893 19 220
13 1732754805.362104893 99 157
14 1732754805.362104893 52 190
0 1732754805.612104893 145 281
1 1732754805.612104893 116 329
2 1732754805.612104893 112 347
3 1732754805.612104893 137 299
4 1732754805.612104893 420 282
5 1732754805.612104893 94 373
6 1732754805.612104893 125 317
7 1732754805.612104893 315 251
8 1732754805.612104893 104 133
9 1732754805.612104893 343 251
10 1732754805.612104893 423 304
11 1732754805.612104893 384 31
12 1732754805.612104893 18 221
13 1732754805.612104893 98 159
14 1732754805.612104893 51 190
0 1732754805.862104893 146 283
1 1732754805.862104893 117 331
2 1732754805.862104893 113 348
3 1732754805.862104893 139 299
4 1732754805.862104893 420 283
5 1732754805.862104893 96 375
6 1732754805.862104893 127 318
7 1732754805.862104893 316 250
8 1732754805.862104893 104 135
9 1732754805.862104893 341 250
10 1732754805.862104893 424 304
11 1732754805.862104893 383 30
12 1732754805.862104893 19 221
13 1732754805.862104893 99 160
14 1732754805.862104893 51 191
0 1732754806.112104893 149 286
1 1732754806.112104893 117 331
2 1732754806.112104893 114 349
3 1732754806.112104893 142 300
4 1732754806.112104893 420 283
5 1732754806.112104893 97 377
6 1732754806.112104893 128 319
7 1732754806.112104893 318 250
8 1732754806.112104893 106 136
9 1732754806.112104893 340 248
10 1732754806.112104893 425 304
11 1732754806.112104893 383 30
12 1732754806.112104893 20 221
13 1732754806.112104893 100 161
14 1732754806.112104893 52 192
0 1732754806.362104893 148 285
1 1732754806.362104893 118 331
2 1732754806.362104893 114 349
3 1732754806.362104893 140 299
4 1732754806.362104893 420 283
5 1732754806.362104893 99 379
6 1732754806.362104893 128 319
7 1732754806.362104893 318 250
8 1732754806.362104893 105 138
9 1732754806.362104893 340 248
10 1732754806.362104893 426 304
11 1732754806.362104893 383 30
12 1732754806.362104893 20 221
13 1732754806.362104893 101 161
14 1732754806.362104893 53 192
0 1732754806.612104893 147 286
1 1732754806.612104893 119 332
2 1732754806.612104893 113 349
3 1732754806.612104893 142 299
4 1732754806.612104893 422 282
5 1732754806.612104893 97 379
6 1732754806.612104893 127 320
7 1732754806.612104893 319 250
8 1732754806.612104893 105 138
9 1732754806.612104893 340 247
10 1732754806.612104893 427 305
11 1732754806.612104893 384 30
12 1732754806.612104893 20 220
13 1732754806.612104893 102 162
14 1732754806.612104893 54 192
0 1732754806.862104893 148 287
1 1732754806.862104893 120 333
2 1732754806.862104893 112 351
3 1732754806.862104893 141 298
4 1732754806.862104893 423 283
5 1732754806.862104893 98 379
6 1732754806.862104893 127 320
7 1732754806.862104893 321 250
8 1732754806.862104893 105 138
9 1732754806.862104893 339 247
10 1732754806.862104893 428 306
11 1732754806.862104893 384 31
12 1732754806.862104893 20 221
13 1732754806.862104893 104 162
14 1732754806.862104893 54 192
0 1732754807.112104893 148 288
1 1732754807.112104893 121 333
2 1732754807.112104893 114 351
3 1732754807.112104893 142 299
4 1732754807.112104893 423 283
5 1732754807.112104893 99 379
6 1732754807.112104893 128 320
7 1732754807.112104893 322 250
8 1732754807.112104893 106 139
9 1732754807.112104893 338 247
10 1732754807.112104893 429 306
11 1732754807.112104893 384 31
12 1732754807.112104893 20 221
13 1732754807.112104893 105 162
14 1732754807.112104893 55 192
0 1732754807.362104893 149 289
1 1732754807.362104893 122 333
2 1732754807.362104893 114 350
3 1732754807.362104893 141 299
4 1732754807.362104893 424 282
5 1732754807.362104893 100 382
6 1732754807.362104893 128 322
7 1732754807.362104893 322 250
8 1732754807.362104893 106 140
9 1732754807.362104893 338 247
10 1732754807.362104893 429 307
11 1732754807.362104893 384 32
12 1732754807.362104893 20 221
13 1732754807.362104893 106 163
14 1732754807.362104893 55 193
0 1732754807.612104893 148 289
1 1732754807.612104893 120 332
2 1732754807.612104893 114 350
3 1732754807.612104893 140 300
4 1732754807.612104893 425 282
5 1732754807.612104893 97 381
6 1732754807.612104893 128 320
7 1732754807.612104893 323 250
8 1732754807.612104893 107 139
9 1732754807.612104893 338 247
10 1732754807.612104893 430 307
11 1732754807.612104893 383 32
12 1732754807.612104893 20 221
13 1732754807.612104893 107 162
14 1732754807.612104893 56 192
0 1732754807.862104893 150 291
1 1732754807.862104893 121 332
2 1732754807.862104893 115 351
3 1732754807.862104893 142 302
4 1732754807.862104893 426 282
5 1732754807.862104893 97 382
6 1732754807.862104893 129 322
7 1732754807.862104893 323 252
8 1732754807.862104893 106 141
9 1732754807.862104893 339 246
10 1732754807.862104893 430 308
11 1732754807.862104893 383 32
12 1732754807.862104893 19 221
13 1732754807.862104893 105 161
14 1732754807.862104893 55 193
0 1732754808.112104893 149 290
1 1732754808.112104893 121 333
2 1732754808.112104893 115 351
3 1732754808.112104893 142 303
4 1732754808.112104893 426 282
5 1732754808.112104893 98 382
6 1732754808.112104893 129 321
7 1732754808.112104893 324 252
8 1732754808.112104893 107 141
9 1732754808.112104893 339 246
10 1732754808.112104893 431 308
11 1732754808.112104893 383 32
12 1732754808.112104893 19 221
13 1732754808.112104893 107 162
14 1732754808.112104893 56 192
0 1732754808.362104893 149 291
1 1732754808.362104893 120 335
2 1732754808.362104893 117 351
3 1732754808.362104893 143 304
4 1732754808.362104893 427 283
5 1732754808.362104893 99 384
6 1732754808.362104893 129 320
7 1732754808.362104893 325 252
8 1732754808.362104893 107 142
9 1732754808.362104893 339 246
10 1732754808.362104893 431 309
11 1732754808.362104893 383 32
12 1732754808.362104893 19 222
13 1732754808.362104893 106 161
14 1732754808.362104893 56 193
0 1732754808.612104893 149 291
1 1732754808.612104893 121 335
2 1732754808.612104893 117 351
3 1732754808.612104893 142 304
4 1732754808.612104893 429 282
5 1732754808.612104893 99 383
6 1732754808.612104893 128 320
7 1732754808.612104893 325 251
8 1732754808.612104893 108 141
9 1732754808.612104893 338 245
10 1732754808.612104893 431 310
11 1732754808.612104893 383 33
12 1732754808.612104893 18 221
13 1732754808.612104893 105 161
14 1732754808.612104893 56 192
0 1732754808.862104893 149 292
1 1732754808.862104893 122 335
2 1732754808.862104893 116 351
3 1732754808.862104893 142 304
4 1732754808.862104893 430 282
5 1732754808.862104893 99 384
6 1732754808.862104893 129 322
7 1732754808.862104893 326 251
8 1732754808.862104893 107 142
9 1732754808.862104893 338 245
10 1732754808.862104893 432 311
11 1732754808.862104893 383 32
12 1732754808.862104893 18 221
13 1732754808.862104893 106 160
14 1732754808.862104893 55 192
0 1732754809.112104893 149 291
1 1732754809.112104893 122 335
2 1732754809.112104893 119 351
3 1732754809.112104893 143 305
4 1732754809.112104893 431 282
5 1732754809.112104893 100 385
6 1732754809.112104893 130 322
7 1732754809.112104893 327 251
8 1732754809.112104893 108 140
9 1732754809.112104893 337 245
10 1732754809.112104893 432 311
11 1732754809.112104893 383 32
12 1732754809.112104893 18 222
13 1732754809.112104893 106 160
14 1732754809.112104893 55 192
0 1732754809.362104893 150 292
1 1732754809.362104893 122 335
2 1732754809.362104893 118 351
3 1732754809.362104893 143 305
4 1732754809.362104893 432 282
5 1732754809.362104893 101 385
6 1732754809.362104893 130 322
7 1732754809.362104893 327 251
8 1732754809.362104893 107 142
9 1732754809.362104893 337 244
10 1732754809.362104893 433 311
11 1732754809.362104893 383 33
12 1732754809.362104893 17 222
13 1732754809.362104893 106 159
14 1732754809.362104893 55 192
0 1732754809.612104893 150 289
1 1732754809.612104893 121 336
2 1732754809.612104893 120 352
3 1732754809.612104893 143 306
4 1732754809.612104893 433 283
5 1732754809.612104893 102 385
6 1732754809.612104893 129 322
7 1732754809.612104893 327 251
8 1732754809.612104893 106 142
9 1732754809.612104893 337 243
10 1732754809.612104893 434 313
11 1732754809.612104893 383 32
12 1732754809.612104893 17 222
13 1732754809.612104893 106 160
14 1732754809.612104893 56 192
0 1732754809.862104893 150 291
1 1732754809.862104893 121 335
2 1732754809.862104893 121 352
3 1732754809.862104893 143 306
4 1732754809.862104893 433 281
5 1732754809.862104893 101 383
6 1732754809.862104893 130 322
7 1732754809.862104893 328 250
8 1732754809.862104893 107 142
9 1732754809.862104893 336 243
10 1732754809.862104893 433 313
11 1732754809.862104893 383 33
12 1732754809.862104893 17 223
13 1732754809.862104893 106 160
14 1732754809.862104893 54 192
0 1732754810.112104893 151 290
1 1732754810.112104893 121 334
2 1732754810.112104893 124 352
3 1732754810.112104893 143 308
4 1732754810.112104893 434 282
5 1732754810.112104893 102 384
6 1732754810.112104893 130 321
7 1732754810.112104893 328 250
8 1732754810.112104893 107 142
9 1732754810.112104893 336 243
10 1732754810.112104893 433 313
11 1732754810.112104893 383 33
12 1732754810.112104893 17 224
13 1732754810.112104893 106 162
14 1732754810.112104893 55 193
0 1732754810.362104893 151 290
1 1732754810.362104893 122 334
2 1732754810.362104893 124 352
3 1732754810.362104893 144 309
4 1732754810.362104893 434 283
5 1732754810.362104893 102 383
6 1732754810.362104893 131 320
7 1732754810.362104893 329 251
8 1732754810.362104893 107 144
9 1732754810.362104893 335 243
10 1732754810.362104893 434 314
11 1732754810.362104893 383 33
12 1732754810.362104893 16 225
13 1732754810.362104893 105 162
14 1732754810.362104893 54 191
0 1732754810.612104893 149 288
1 1732754810.612104893 122 334
2 1732754810.612104893 124 353
3 1732754810.612104893 144 309
4 1732754810.612104893 433 282
5 1732754810.612104893 102 384
6 1732754810.612104893 131 319
7 1732754810.612104893 329 251
8 1732754810.612104893 106 144
9 1732754810.612104893 335 243
10 1732754810.612104893 434 314
11 1732754810.612104893 383 32
12 1732754810.612104893 17 225
13 1732754810.612104893 106 162
14 1732754810.612104893 55 190
0 1732754810.862104893 150 289
1 1732754810.862104893 123 335
2 1732754810.862104893 125 353
3 1732754810.862104893 143 309
4 1732754810.862104893 434 282
5 1732754810.862104893 101 384
6 1732754810.862104893 130 319
7 1732754810.862104893 329 251
8 1732754810.862104893 107 144
9 1732754810.862104893 334 243
10 1732754810.862104893 434 315
11 1732754810.862104893 383 32
12 1732754810.862104893 16 225
13 1732754810.862104893 105 161
14 1732754810.862104893 52 189
0 1732754811.112104893 151 289
1 1732754811.112104893 124 334
2 1732754811.112104893 126 353
3 1732754811.112104893 143 310
4 1732754811.112104893 435 282
5 1732754811.112104893 102 385
6 1732754811.112104893 131 321
7 1732754811.112104893 329 251
8 1732754811.112104893 108 144
9 1732754811.112104893 334 242
10 1732754811.112104893 434 314
11 1732754811.112104893 382 32
12 1732754811.112104893 16 226
13 1732754811.112104893 106 161
14 1732754811.112104893 53 187
0 1732754811.362104893 151 289
1 1732754811.362104893 124 334
2 1732754811.362104893 126 354
3 1732754811.362104893 143 311
4 1732754811.362104893 433 281
5 1732754811.362104893 102 385
6 1732754811.362104893 131 320
7 1732754811.362104893 330 252
8 1732754811.362104893 108 145
9 1732754811.362104893 334 242
10 1732754811.362104893 434 315
11 1732754811.362104893 382 33
12 1732754811.362104893 16 227
13 1732754811.362104893 105 161
14 1732754811.362104893 53 190
0 1732754811.612104893 152 290
1 1732754811.612104893 123 334
2 1732754811.612104893 126 352
3 1732754811.612104893 143 311
4 1732754811.612104893 434 281
5 1732754811.612104893 102 385
6 1732754811.612104893 132 322
7 1732754811.612104893 331 253
8 1732754811.612104893 108 144
9 1732754811.612104893 333 241
10 1732754811.612104893 434 315
11 1732754811.612104893 382 32
12 1732754811.612104893 15 227
13 1732754811.612104893 105 159
14 1732754811.612104893 53 188
0 1732754811.862104893 151 288
1 1732754811.862104893 123 333
2 1732754811.862104893 126 353
3 1732754811.862104893 143 311
4 1732754811.862104893 435 282
5 1732754811.862104893 102 385
6 1732754811.862104893 131 321
7 1732754811.862104893 331 253
8 1732754811.862104893 107 147
9 1732754811.862104893 332 241
10 1732754811.862104893 434 316
11 1732754811.862104893 383 33
12 1732754811.862104893 15 227
13 1732754811.862104893 106 161
14 1732754811.862104893 51 187
0 1732754812.112104893 152 290
1 1732754812.112104893 124 332
2 1732754812.112104893 125 354
3 1732754812.112104893 143 312
4 1732754812.112104893 434 282
5 1732754812.112104893 103 386
6 1732754812.112104893 132 321
7 1732754812.112104893 332 252
8 1732754812.112104893 109 145
9 1732754812.112104893 331 240
10 1732754812.112104893 434 316
11 1732754812.112104893 383 33
12 1732754812.112104893 15 228
13 1732754812.112104893 106 161
14 1732754812.112104893 53 186
0 1732754812.362104893 152 292
1 1732754812.362104893 124 335
2 1732754812.362104893 124 358
3 1732754812.362104893 143 315
4 1732754812.362104893 435 285
5 1732754812.362104893 102 389
6 1732754812.362104893 131 323
7 1732754812.362104893 332 254
8 1732754812.362104893 109 148
9 1732754812.362104893 331 242
10 1732754812.362104893 433 318
11 1732754812.362104893 380 34
12 1732754812.362104893 15 230
13 1732754812.362104893 106 164
14 1732754812.362104893 51 190
0 1732754812.612104893 152 293
1 1732754812.612104893 125 335
2 1732754812.612104893 125 360
3 1732754812.612104893 143 316
4 1732754812.612104893 437 286
5 1732754812.612104893 102 389
6 1732754812.612104893 132 324
7 1732754812.612104893 333 254
8 1732754812.612104893 109 149
9 1732754812.612104893 331 242
10 1732754812.612104893 433 319
11 1732754812.612104893 381 34
12 1732754812.612104893 16 232
13 1732754812.612104893 105 166
14 1732754812.612104893 51 192
0 1732754812.862104893 153 293
1 1732754812.862104893 126 336
2 1732754812.862104893 126 361
3 1732754812.862104893 144 316
4 1732754812.862104893 437 286
5 1732754812.862104893 102 389
6 1732754812.862104893 133 324
7 1732754812.862104893 334 255
8 1732754812.862104893 110 149
9 1732754812.862104893 331 242
10 1732754812.862104893 434 320
11 1732754812.862104893 381 35
12 1732754812.862104893 16 232
13 1732754812.862104893 105 167
14 1732754812.862104893 50 192
0 1732754813.112104893 153 294
1 1732754813.112104893 126 336
2 1732754813.112104893 126 361
3 1732754813.112104893 144 317
4 1732754813.112104893 438 286
5 1732754813.112104893 102 390
6 1732754813.112104893 134 325
7 1732754813.112104893 335 256
8 1732754813.112104893 110 150
9 1732754813.112104893 331 241
10 1732754813.112104893 435 320
11 1732754813.112104893 381 37
12 1732754813.112104893 16 232
13 1732754813.112104893 106 167
14 1732754813.112104893 51 193
0 1732754813.362104893 154 295
1 1732754813.362104893 127 336
2 1732754813.362104893 125 361
3 1732754813.362104893 143 318
4 1732754813.362104893 439 286
5 1732754813.362104893 102 390
6 1732754813.362104893 134 325
7 1732754813.362104893 336 256
8 1732754813.362104893 111 150
9 1732754813.362104893 330 241
10 1732754813.362104893 436 321
11 1732754813.362104893 381 36
12 1732754813.362104893 16 233
13 1732754813.362104893 107 167
14 1732754813.362104893 51 192
0 1732754813.612104893 154 295
1 1732754813.612104893 127 336
2 1732754813.612104893 125 361
3 1732754813.612104893 143 318
4 1732754813.612104893 440 287
5 1732754813.612104893 102 391
6 1732754813.612104893 134 325
7 1732754813.612104893 336 257
8 1732754813.612104893 112 150
9 1732754813.612104893 330 241
10 1732754813.612104893 436 321
11 1732754813.612104893 380 37
12 1732754813.612104893 16 233
13 1732754813.612104893 108 168
14 1732754813.612104893 50 193
0 1732754813.862104893 153 296
1 1732754813.862104893 127 337
2 1732754813.862104893 125 361
3 1732754813.862104893 142 318
4 1732754813.862104893 441 288
5 1732754813.862104893 101 391
6 1732754813.862104893 133 325
7 1732754813.862104893 336 258
8 1732754813.862104893 112 150
9 1732754813.862104893 329 241
10 1732754813.862104893 437 322
11 1732754813.862104893 379 37
12 1732754813.862104893 16 234
13 1732754813.862104893 109 168
14 1732754813.862104893 50 192
0 1732754814.112104893 154 296
1 1732754814.112104893 127 338
2 1732754814.112104893 125 362
3 1732754814.112104893 141 319
4 1732754814.112104893 441 288
5 1732754814.112104893 100 392
6 1732754814.112104893 133 325
7 1732754814.112104893 336 258
8 1732754814.112104893 113 150
9 1732754814.112104893 328 241
10 1732754814.112104893 437 322
11 1732754814.112104893 379 36
12 1732754814.112104893 15 234
13 1732754814.112104893 109 168
14 1732754814.112104893 50 192
0 1732754814.362104893 154 297
1 1732754814.362104893 126 338
2 1732754814.362104893 124 363
3 1732754814.362104893 141 320
4 1732754814.362104893 442 289
5 1732754814.362104893 100 392
6 1732754814.362104893 132 326
7 1732754814.362104893 336 259
8 1732754814.362104893 113 151
9 1732754814.362104893 327 241
10 1732754814.362104893 437 323
11 1732754814.362104893 378 36
12 1732754814.362104893 15 235
13 1732754814.362104893 109 168
14 1732754814.362104893 49 192
0 1732754814.612104893 154 297
1 1732754814.612104893 127 339
2 1732754814.612104893 124 363
3 1732754814.612104893 140 320
4 1732754814.612104893 442 290
5 1732754814.612104893 99 393
6 1732754814.612104893 131 326
7 1732754814.612104893 337 260
8 1732754814.612104893 113 150
9 1732754814.612104893 326 241
10 1732754814.612104893 438 323
11 1732754814.612104893 378 37
12 1732754814.612104893 14 235
13 1732754814.612104893 110 168
14 1732754814.612104893 49 193
0 1732754814.862104893 155 297
1 1732754814.862104893 126 339
2 1732754814.862104893 124 364
3 1732754814.862104893 139 321
4 1732754814.862104893 443 291
5 1732754814.862104893 99 394
6 1732754814.862104893 131 326
7 1732754814.862104893 337 260
8 1732754814.862104893 114 150
9 1732754814.862104893 325 241
10 1732754814.862104893 438 324
11 1732754814.862104893 379 38
12 1732754814.862104893 14 236
13 1732754814.862104893 110 168
14 1732754814.862104893 50 193
0 1732754815.112104893 155 297
1 1732754815.112104893 126 340
2 1732754815.112104893 124 364
3 1732754815.112104893 138 321
4 1732754815.112104893 443 291
5 1732754815.112104893 98 394
6 1732754815.112104893 130 327
7 1732754815.112104893 336 261
8 1732754815.112104893 112 151
9 1732754815.112104893 324 241
10 1732754815.112104893 438 325
11 1732754815.112104893 378 37
12 1732754815.112104893 13 236
13 1732754815.112104893 110 169
14 1732754815.112104893 49 192
0 1732754815.362104893 156 297
1 1732754815.362104893 126 340
2 1732754815.362104893 123 364
3 1732754815.362104893 138 321
4 1732754815.362104893 443 292
5 1732754815.362104893 98 395
6 1732754815.362104893 130 327
7 1732754815.362104893 336 262
8 1732754815.362104893 112 151
9 1732754815.362104893 323 241
10 1732754815.362104893 438 325
11 1732754815.362104893 379 37
12 1732754815.362104893 13 237
13 1732754815.362104893 110 169
14 1732754815.362104893 49 193
0 1732754815.612104893 155 300
1 1732754815.612104893 126 344
2 1732754815.612104893 122 368
3 1732754815.612104893 137 324
4 1732754815.612104893 442 296
5 1732754815.612104893 97 398
6 1732754815.612104893 129 330
7 1732754815.612104893 336 264
8 1732754815.612104893 112 154
9 1732754815.612104893 321 241
10 1732754815.612104893 437 329
11 1732754815.612104893 378 39
12 1732754815.612104893 11 239
13 1732754815.612104893 110 172
14 1732754815.612104893 47 195
0 1732754815.862104893 155 300
1 1732754815.862104893 126 343
2 1732754815.862104893 122 368
3 1732754815.862104893 137 325
4 1732754815.862104893 443 297
5 1732754815.862104893 97 398
6 1732754815.862104893 129 330
7 1732754815.862104893 336 264
8 1732754815.862104893 111 156
9 1732754815.862104893 321 242
10 1732754815.862104893 437 329
11 1732754815.862104893 378 39
12 1732754815.862104893 12 239
13 1732754815.862104893 108 172
14 1732754815.862104893 47 196
0 1732754816.112104893 156 300
1 1732754816.112104893 125 343
2 1732754816.112104893 122 368
3 1732754816.112104893 137 325
4 1732754816.112104893 443 297
5 1732754816.112104893 96 399
6 1732754816.112104893 129 330
7 1732754816.112104893 337 265
8 1732754816.112104893 110 157
9 1732754816.112104893 322 242
10 1732754816.112104893 437 330
11 1732754816.112104893 378 38
12 1732754816.112104893 11 239
13 1732754816.112104893 108 172
14 1732754816.112104893 47 198
0 1732754816.362104893 157 301
1 1732754816.362104893 125 343
2 1732754816.362104893 123 368
3 1732754816.362104893 137 325
4 1732754816.362104893 444 299
5 1732754816.362104893 96 399
6 1732754816.362104893 130 330
7 1732754816.362104893 338 265
8 1732754816.362104893 110 158
9 1732754816.362104893 323 242
10 1732754816.362104893 438 330
11 1732754816.362104893 379 38
12 1732754816.362104893 11 239
13 1732754816.362104893 109 172
14 1732754816.362104893 48 199
0 1732754816.612104893 159 301
1 1732754816.612104893 126 342
2 1732754816.612104893 125 367
3 1732754816.612104893 137 325
4 1732754816.612104893 445 299
5 1732754816.612104893 97 399
6 1732754816.612104893 132 330
7 1732754816.612104893 340 265
8 1732754816.612104893 111 159
9 1732754816.612104893 325 242
10 1732754816.612104893 439 330
11 1732754816.612104893 378 38
12 1732754816.612104893 11 239
13 1732754816.612104893 110 172
14 1732754816.612104893 48 200
0 1732754816.862104893 160 301
1 1732754816.862104893 126 342
2 1732754816.862104893 126 367
3 1732754816.862104893 138 325
4 1732754816.862104893 446 300
5 1732754816.862104893 97 399
6 1732754816.862104893 133 330
7 1732754816.862104893 342 265
8 1732754816.862104893 112 159
9 1732754816.862104893 327 243
10 1732754816.862104893 440 331
11 1732754816.862104893 379 37
12 1732754816.862104893 11 238
13 1732754816.862104893 111 172
14 1732754816.862104893 49 202
0 1732754817.112104893 161 300
1 1732754817.112104893 127 341
2 1732754817.112104893 127 367
3 1732754817.112104893 138 325
4 1732754817.112104893 447 301
5 1732754817.112104893 98 399
6 1732754817.112104893 135 330
7 1732754817.112104893 344 265
8 1732754817.112104893 111 159
9 1732754817.112104893 329 243
10 1732754817.112104893 441 331
11 1732754817.112104893 380 37
12 1732754817.112104893 11 238
13 1732754817.112104893 112 172
14 1732754817.112104893 49 202
0 1732754817.362104893 162 300
1 1732754817.362104893 127 340
2 1732754817.362104893 129 366
3 1732754817.362104893 138 326
4 1732754817.362104893 448 302
5 1732754817.362104893 99 399
6 1732754817.362104893 136 330
7 1732754817.362104893 346 265
8 1732754817.362104893 111 159
9 1732754817.362104893 330 243
10 1732754817.362104893 442 331
11 1732754817.362104893 381 38
12 1732754817.362104893 11 238
13 1732754817.362104893 114 172
14 1732754817.362104893 50 203
0 1732754817.612104893 163 300
1 1732754817.612104893 127 340
2 1732754817.612104893 130 366
3 1732754817.612104893 138 326
4 1732754817.612104893 449 303
5 1732754817.612104893 99 399
6 1732754817.612104893 137 330
7 1732754817.612104893 348 265
8 1732754817.612104893 110 160
9 1732754817.612104893 331 244
10 1732754817.612104893 443 332
11 1732754817.612104893 381 37
12 1732754817.612104893 12 239
13 1732754817.612104893 114 172
14 1732754817.612104893 50 204
0 1732754817.862104893 164 299
1 1732754817.862104893 127 339
2 1732754817.862104893 131 366
3 1732754817.862104893 138 326
4 1732754817.862104893 450 304
5 1732754817.862104893 99 399
6 1732754817.862104893 139 329
7 1732754817.862104893 349 264
8 1732754817.862104893 111 159
9 1732754817.862104893 332 244
10 1732754817.862104893 444 332
11 1732754817.862104893 380 36
12 1732754817.862104893 11 239
13 1732754817.862104893 115 172
14 1732754817.862104893 51 204
0 1732754818.112104893 164 299
1 1732754818.112104893 126 338
2 1732754818.112104893 133 365
3 1732754818.112104893 137 326
4 1732754818.112104893 451 304
5 1732754818.112104893 99 398
6 1732754818.112104893 139 329
7 1732754818.112104893 351 264
8 1732754818.112104893 111 160
9 1732754818.112104893 333 243
10 1732754818.112104893 444 332
11 1732754818.112104893 379 36
12 1732754818.112104893 12 238
13 1732754818.112104893 116 172
14 1732754818.112104893 51 204
0 1732754818.362104893 164 298
1 1732754818.362104893 126 337
2 1732754818.362104893 134 365
3 1732754818.362104893 137 327
4 1732754818.362104893 452 305
5 1732754818.362104893 100 398
6 1732754818.362104893 140 329
7 1732754818.362104893 352 264
8 1732754818.362104893 111 160
9 1732754818.362104893 334 243
10 1732754818.362104893 445 332
11 1732754818.362104893 380 36
12 1732754818.362104893 11 238
13 1732754818.362104893 116 172
14 1732754818.362104893 52 205
0 1732754818.612104893 165 297
1 1732754818.612104893 126 336
2 1732754818.612104893 135 365
3 1732754818.612104893 137 327
4 1732754818.612104893 452 305
5 1732754818.612104893 100 398
6 1732754818.612104893 141 328
7 1732754818.612104893 354 264
8 1732754818.612104893 112 160
9 1732754818.612104893 334 243
10 1732754818.612104893 446 333
11 1732754818.612104893 381 37
12 1732754818.612104893 11 238
13 1732754818.612104893 117 172
14 1732754818.612104893 53 205
0 1732754818.862104893 165 297
1 1732754818.862104893 125 335
2 1732754818.862104893 136 364
3 1732754818.862104893 136 327
4 1732754818.862104893 453 305
5 1732754818.862104893 99 398
6 1732754818.862104893 142 328
7 1732754818.862104893 355 263
8 1732754818.862104893 112 160
9 1732754818.862104893 334 243
10 1732754818.862104893 446 333
11 1732754818.862104893 381 36
12 1732754818.862104893 12 237
13 1732754818.862104893 118 172
14 1732754818.862104893 51 204
0 1732754819.112104893 165 296
1 1732754819.112104893 125 334
2 1732754819.112104893 137 364
3 1732754819.112104893 135 327
4 1732754819.112104893 453 305
5 1732754819.112104893 99 398
6 1732754819.112104893 143 327
7 1732754819.112104893 357 263
8 1732754819.112104893 110 161
9 1732754819.112104893 334 243
10 1732754819.112104893 447 333
11 1732754819.112104893 381 35
12 1732754819.112104893 12 239
13 1732754819.112104893 119 172
14 1732754819.112104893 52 204
0 1732754819.362104893 165 295
1 1732754819.362104893 124 333
2 1732754819.362104893 138 364
3 1732754819.362104893 135 327
4 1732754819.362104893 454 306
5 1732754819.362104893 99 397
6 1732754819.362104893 144 327
7 1732754819.362104893 358 262
8 1732754819.362104893 112 159
9 1732754819.362104893 335 242
10 1732754819.362104893 448 334
11 1732754819.362104893 381 35
12 1732754819.362104893 12 237
13 1732754819.362104893 119 172
14 1732754819.362104893 53 205
0 1732754819.612104893 166 298
1 1732754819.612104893 123 334
2 1732754819.612104893 138 366
3 1732754819.612104893 133 328
4 1732754819.612104893 453 309
5 1732754819.612104893 98 400
6 1732754819.612104893 143 328
7 1732754819.612104893 358 263
8 1732754819.612104893 112 163
9 1732754819.612104893 335 246
10 1732754819.612104893 447 338
11 1732754819.612104893 380 38
12 1732754819.612104893 11 240
13 1732754819.612104893 120 176
14 1732754819.612104893 52 207
0 1732754819.862104893 165 298
1 1732754819.862104893 123 335
2 1732754819.862104893 139 365
3 1732754819.862104893 133 328
4 1732754819.862104893 453 310
5 1732754819.862104893 99 400
6 1732754819.862104893 143 328
7 1732754819.862104893 358 263
8 1732754819.862104893 112 163
9 1732754819.862104893 335 246
10 1732754819.862104893 448 339
11 1732754819.862104893 381 37
12 1732754819.862104893 11 241
13 1732754819.862104893 119 175
14 1732754819.862104893 51 208
0 1732754820.112104893 164 300
1 1732754820.112104893 120 337
2 1732754820.112104893 139 368
3 1732754820.112104893 130 327
4 1732754820.112104893 455 313
5 1732754820.112104893 98 401
6 1732754820.112104893 143 330
7 1732754820.112104893 359 266
8 1732754820.112104893 112 167
9 1732754820.112104893 335 249
10 1732754820.112104893 449 344
11 1732754820.112104893 382 39
12 1732754820.112104893 11 245
13 1732754820.112104893 120 178
14 1732754820.112104893 52 211
0 1732754820.362104893 163 301
1 1732754820.362104893 119 340
2 1732754820.362104893 139 368
3 1732754820.362104893 130 328
4 1732754820.362104893 456 314
5 1732754820.362104893 96 400
6 1732754820.362104893 143 331
7 1732754820.362104893 358 267
8 1732754820.362104893 113 167
9 1732754820.362104893 335 250
10 1732754820.362104893 449 345
11 1732754820.362104893 382 39
12 1732754820.362104893 12 245
13 1732754820.362104893 120 178
14 1732754820.362104893 52 212
0 1732754820.612104893 162 301
1 1732754820.612104893 119 341
2 1732754820.612104893 139 368
3 1732754820.612104893 130 328
4 1732754820.612104893 457 315
5 1732754820.612104893 94 400
6 1732754820.612104893 142 330
7 1732754820.612104893 358 267
8 1732754820.612104893 114 168
9 1732754820.612104893 336 251
10 1732754820.612104893 449 345
11 1732754820.612104893 382 40
12 1732754820.612104893 13 245
13 1732754820.612104893 120 177
14 1732754820.612104893 51 213
0 1732754820.862104893 162 303
1 1732754820.862104893 119 342
2 1732754820.862104893 141 371
3 1732754820.862104893 129 329
4 1732754820.862104893 457 318
5 1732754820.862104893 91 396
6 1732754820.862104893 143 332
7 1732754820.862104893 357 269
8 1732754820.862104893 113 169
9 1732754820.862104893 336 253
10 1732754820.862104893 448 347
11 1732754820.862104893 381 42
12 1732754820.862104893 12 248
13 1732754820.862104893 119 180
14 1732754820.862104893 50 214
0 1732754821.112104893 162 303
1 1732754821.112104893 120 342
2 1732754821.112104893 141 370
3 1732754821.112104893 130 331
4 1732754821.112104893 457 317
5 1732754821.112104893 90 396
6 1732754821.112104893 142 331
7 1732754821.112104893 357 268
8 1732754821.112104893 113 169
9 1732754821.112104893 336 253
10 1732754821.112104893 449 348
11 1732754821.112104893 380 43
12 1732754821.112104893 14 248
13 1732754821.112104893 119 180
14 1732754821.112104893 51 215
0 1732754821.362104893 162 304
1 1732754821.362104893 120 341
2 1732754821.362104893 143 370
3 1732754821.362104893 129 331
4 1732754821.362104893 456 317
5 1732754821.362104893 89 396
6 1732754821.362104893 143 331
7 1732754821.362104893 357 268
8 1732754821.362104893 113 168
9 1732754821.362104893 336 253
10 1732754821.362104893 448 348
11 1732754821.362104893 379 43
12 1732754821.362104893 13 248
13 1732754821.362104893 119 180
14 1732754821.362104893 49 215
0 1732754821.612104893 162 304
1 1732754821.612104893 120 341
2 1732754821.612104893 145 370
3 1732754821.612104893 130 331
4 1732754821.612104893 457 317
5 1732754821.612104893 89 396
6 1732754821.612104893 144 331
7 1732754821.612104893 357 268
8 1732754821.612104893 113 169
9 1732754821.612104893 337 253
10 1732754821.612104893 448 349
11 1732754821.612104893 379 43
12 1732754821.612104893 13 246
13 1732754821.612104893 120 180
14 1732754821.612104893 51 215
0 1732754821.862104893 162 304
1 1732754821.862104893 122 340
2 1732754821.862104893 147 370
3 1732754821.862104893 130 332
4 1732754821.862104893 457 317
5 1732754821.862104893 88 395
6 1732754821.862104893 146 331
7 1732754821.862104893 358 268
8 1732754821.862104893 114 169
9 1732754821.862104893 338 253
10 1732754821.862104893 449 350
11 1732754821.862104893 380 43
12 1732754821.862104893 15 246
13 1732754821.862104893 121 181
14 1732754821.862104893 51 215
0 1732754822.112104893 163 304
1 1732754822.112104893 122 340
2 1732754822.112104893 149 370
3 1732754822.112104893 131 332
4 1732754822.112104893 459 317
5 1732754822.112104893 87 395
6 1732754822.112104893 147 331
7 1732754822.112104893 360 267
8 1732754822.112104893 113 169
9 1732754822.112104893 339 252
10 1732754822.112104893 450 350
11 1732754822.112104893 380 43
12 1732754822.112104893 15 246
13 1732754822.112104893 121 181
14 1732754822.112104893 52 216
0 1732754822.362104893 163 303
1 1732754822.362104893 123 339
2 1732754822.362104893 151 370
3 1732754822.362104893 132 332
4 1732754822.362104893 460 316
5 1732754822.362104893 86 395
6 1732754822.362104893 148 331
7 1732754822.362104893 362 267
8 1732754822.362104893 114 169
9 1732754822.362104893 340 252
10 1732754822.362104893 452 350
11 1732754822.362104893 380 43
12 1732754822.362104893 15 246
13 1732754822.362104893 120 180
14 1732754822.362104893 53 216
0 1732754822.612104893 164 303
1 1732754822.612104893 124 338
2 1732754822.612104893 153 370
3 1732754822.612104893 133 333
4 1732754822.612104893 460 315
5 1732754822.612104893 85 395
6 1732754822.612104893 149 331
7 1732754822.612104893 364 266
8 1732754822.612104893 116 170
9 1732754822.612104893 341 251
10 1732754822.612104893 453 351
11 1732754822.612104893 380 44
12 1732754822.612104893 15 246
13 1732754822.612104893 121 181
14 1732754822.612104893 54 216
0 1732754822.862104893 165 302
1 1732754822.862104893 125 337
2 1732754822.862104893 156 370
3 1732754822.862104893 133 333
4 1732754822.862104893 461 314
5 1732754822.862104893 84 394
6 1732754822.862104893 150 331
7 1732754822.862104893 366 264
8 1732754822.862104893 115 170
9 1732754822.862104893 341 250
10 1732754822.862104893 454 350
11 1732754822.862104893 380 44
12 1732754822.862104893 15 247
13 1732754822.862104893 121 181
14 1732754822.862104893 54 215
0 1732754823.112104893 165 304
1 1732754823.112104893 125 340
2 1732754823.112104893 152 368
3 1732754823.112104893 131 334
4 1732754823.112104893 461 317
5 1732754823.112104893 82 398
6 1732754823.112104893 151 332
7 1732754823.112104893 366 265
8 1732754823.112104893 115 173
9 1732754823.112104893 341 253
10 1732754823.112104893 455 355
11 1732754823.112104893 378 46
12 1732754823.112104893 14 250
13 1732754823.112104893 121 184
14 1732754823.112104893 52 217
0 1732754823.362104893 165 303
1 1732754823.362104893 126 340
2 1732754823.362104893 151 368
3 1732754823.362104893 132 335
4 1732754823.362104893 461 315
5 1732754823.362104893 80 398
6 1732754823.362104893 152 332
7 1732754823.362104893 366 264
8 1732754823.362104893 116 172
9 1732754823.362104893 341 254
10 1732754823.362104893 454 355
11 1732754823.362104893 378 46
12 1732754823.362104893 14 249
13 1732754823.362104893 121 183
14 1732754823.362104893 52 219
0 1732754823.612104893 165 303
1 1732754823.612104893 125 339
2 1732754823.612104893 151 368
3 1732754823.612104893 132 335
4 1732754823.612104893 463 315
5 1732754823.612104893 79 398
6 1732754823.612104893 152 332
7 1732754823.612104893 367 264
8 1732754823.612104893 117 172
9 1732754823.612104893 342 254
10 1732754823.612104893 454 355
11 1732754823.612104893 377 46
12 1732754823.612104893 14 249
13 1732754823.612104893 123 181
14 1732754823.612104893 53 219
0 1732754823.862104893 166 302
1 1732754823.862104893 126 339
2 1732754823.862104893 152 367
3 1732754823.862104893 132 336
4 1732754823.862104893 464 314
5 1732754823.862104893 78 398
6 1732754823.862104893 154 332
7 1732754823.862104893 369 263
8 1732754823.862104893 119 172
9 1732754823.862104893 343 253
10 1732754823.862104893 454 355
11 1732754823.862104893 378 45
12 1732754823.862104893 14 249
13 1732754823.862104893 125 183
14 1732754823.862104893 55 221
0 1732754824.112104893 166 301
1 1732754824.112104893 126 338
2 1732754824.112104893 153 367
3 1732754824.112104893 134 336
4 1732754824.112104893 466 315
5 1732754824.112104893 77 398
6 1732754824.112104893 156 332
7 1732754824.112104893 372 262
8 1732754824.112104893 119 172
9 1732754824.112104893 344 253
10 1732754824.112104893 456 355
11 1732754824.112104893 378 45
12 1732754824.112104893 15 249
13 1732754824.112104893 126 183
14 1732754824.112104893 56 221
0 1732754824.362104893 167 300
1 1732754824.362104893 126 337
2 1732754824.362104893 154 367
3 1732754824.362104893 135 336
4 1732754824.362104893 467 312
5 1732754824.362104893 76 397
6 1732754824.362104893 157 331
7 1732754824.362104893 374 260
8 1732754824.362104893 119 174
9 1732754824.362104893 346 252
10 1732754824.362104893 457 355
11 1732754824.362104893 378 45
12 1732754824.362104893 16 250
13 1732754824.362104893 127 182
14 1732754824.362104893 57 220
0 1732754824.612104893 167 299
1 1732754824.612104893 127 336
2 1732754824.612104893 156 366
3 1732754824.612104893 137 336
4 1732754824.612104893 469 312
5 1732754824.612104893 74 397
6 1732754824.612104893 158 331
7 1732754824.612104893 376 259
8 1732754824.612104893 119 172
9 1732754824.612104893 347 252
10 1732754824.612104893 459 355
11 1732754824.612104893 379 45
12 1732754824.612104893 16 250
13 1732754824.612104893 129 182
14 1732754824.612104893 58 219
0 1732754824.862104893 167 298
1 1732754824.862104893 127 335
2 1732754824.862104893 157 366
3 1732754824.862104893 139 337
4 1732754824.862104893 471 312
5 1732754824.862104893 73 396
6 1732754824.862104893 160 330
7 1732754824.862104893 379 258
8 1732754824.862104893 119 172
9 1732754824.862104893 348 252
10 1732754824.862104893 461 356
11 1732754824.862104893 378 45
12 1732754824.862104893 16 249
13 1732754824.862104893 129 183
14 1732754824.862104893 58 219
0 1732754825.112104893 168 297
1 1732754825.112104893 127 333
2 1732754825.112104893 158 366
3 1732754825.112104893 140 337
4 1732754825.112104893 474 310
5 1732754825.112104893 72 396
6 1732754825.112104893 161 329
7 1732754825.112104893 381 256
8 1732754825.112104893 121 173
9 1732754825.112104893 349 251
10 1732754825.112104893 462 356
11 1732754825.112104893 378 45
12 1732754825.112104893 17 250
13 1732754825.112104893 131 181
14 1732754825.112104893 58 218
0 1732754825.362104893 168 296
1 1732754825.362104893 127 332
2 1732754825.362104893 159 366
3 1732754825.362104893 141 337
4 1732754825.362104893 475 309
5 1732754825.362104893 71 396
6 1732754825.362104893 162 329
7 1732754825.362104893 383 255
8 1732754825.362104893 120 172
9 1732754825.362104893 349 251
10 1732754825.362104893 464 356
11 1732754825.362104893 378 45
12 1732754825.362104893 17 250
13 1732754825.362104893 133 183
14 1732754825.362104893 59 218
0 1732754825.612104893 167 298
1 1732754825.612104893 126 334
2 1732754825.612104893 158 365
3 1732754825.612104893 140 339
4 1732754825.612104893 474 312
5 1732754825.612104893 69 396
6 1732754825.612104893 160 329
7 1732754825.612104893 384 256
8 1732754825.612104893 120 174
9 1732754825.612104893 349 254
10 1732754825.612104893 464 357
11 1732754825.612104893 377 48
12 1732754825.612104893 16 253
13 1732754825.612104893 133 187
14 1732754825.612104893 59 221
0 1732754825.862104893 167 298
1 1732754825.862104893 127 334
2 1732754825.862104893 160 364
3 1732754825.862104893 141 339
4 1732754825.862104893 475 312
5 1732754825.862104893 68 396
6 1732754825.862104893 161 328
7 1732754825.862104893 385 255
8 1732754825.862104893 121 174
9 1732754825.862104893 349 255
10 1732754825.862104893 463 358
11 1732754825.862104893 377 47
12 1732754825.862104893 16 254
13 1732754825.862104893 134 187
14 1732754825.862104893 59 222
0 1732754826.112104893 167 299
1 1732754826.112104893 128 333
2 1732754826.112104893 161 364
3 1732754826.112104893 142 339
4 1732754826.112104893 474 311
5 1732754826.112104893 66 397
6 1732754826.112104893 162 328
7 1732754826.112104893 386 254
8 1732754826.112104893 122 174
9 1732754826.112104893 350 255
10 1732754826.112104893 464 358
11 1732754826.112104893 376 46
12 1732754826.112104893 15 255
13 1732754826.112104893 135 187
14 1732754826.112104893 59 222
0 1732754826.362104893 167 299
1 1732754826.362104893 128 333
2 1732754826.362104893 162 364
3 1732754826.362104893 143 339
4 1732754826.362104893 474 311
5 1732754826.362104893 64 397
6 1732754826.362104893 163 328
7 1732754826.362104893 388 253
8 1732754826.362104893 122 173
9 1732754826.362104893 351 255
10 1732754826.362104893 465 358
11 1732754826.362104893 377 45
12 1732754826.362104893 15 255
13 1732754826.362104893 136 187
14 1732754826.362104893 60 222
0 1732754826.612104893 167 298
1 1732754826.612104893 129 333
2 1732754826.612104893 163 364
3 1732754826.612104893 144 339
4 1732754826.612104893 474 309
5 1732754826.612104893 64 397
6 1732754826.612104893 164 327
7 1732754826.612104893 390 253
8 1732754826.612104893 122 172
9 1732754826.612104893 352 255
10 1732754826.612104893 467 357
11 1732754826.612104893 377 45
12 1732754826.612104893 16 256
13 1732754826.612104893 137 187
14 1732754826.612104893 60 222
0 1732754826.862104893 168 298
1 1732754826.862104893 131 333
2 1732754826.862104893 165 364
3 1732754826.862104893 145 340
4 1732754826.862104893 475 308
5 1732754826.862104893 63 397
6 1732754826.862104893 165 326
7 1732754826.862104893 393 252
8 1732754826.862104893 122 173
9 1732754826.862104893 353 254
10 1732754826.862104893 468 357
11 1732754826.862104893 377 45
12 1732754826.862104893 17 257
13 1732754826.862104893 138 187
14 1732754826.862104893 61 222
0 1732754827.112104893 168 298
1 1732754827.112104893 132 333
2 1732754827.112104893 166 364
3 1732754827.112104893 147 340
4 1732754827.112104893 476 307
5 1732754827.112104893 62 397
6 1732754827.112104893 165 326
7 1732754827.112104893 395 251
8 1732754827.112104893 123 173
9 1732754827.112104893 354 254
10 1732754827.112104893 470 357
11 1732754827.112104893 377 45
12 1732754827.112104893 17 258
13 1732754827.112104893 140 186
14 1732754827.112104893 61 222
0 1732754827.362104893 167 300
1 1732754827.362104893 129 335
2 1732754827.362104893 166 363
3 1732754827.362104893 145 345
4 1732754827.362104893 475 309
5 1732754827.362104893 60 400
6 1732754827.362104893 165 330
7 1732754827.362104893 396 254
8 1732754827.362104893 121 174
9 1732754827.362104893 352 257
10 1732754827.362104893 469 360
11 1732754827.362104893 376 46
12 1732754827.362104893 17 262
13 1732754827.362104893 141 191
14 1732754827.362104893 62 224
0 1732754827.612104893 166 303
1 1732754827.612104893 127 337
2 1732754827.612104893 165 365
3 1732754827.612104893 145 349
4 1732754827.612104893 475 311
5 1732754827.612104893 59 403
6 1732754827.612104893 164 332
7 1732754827.612104893 396 256
8 1732754827.612104893 121 177
9 1732754827.612104893 352 260
10 1732754827.612104893 468 362
11 1732754827.612104893 375 49
12 1732754827.612104893 16 265
13 1732754827.612104893 140 194
14 1732754827.612104893 61 227
0 1732754827.862104893 167 303
1 1732754827.862104893 126 338
2 1732754827.862104893 166 364
3 1732754827.862104893 144 349
4 1732754827.862104893 475 311
5 1732754827.862104893 59 404
6 1732754827.862104893 163 332
7 1732754827.862104893 397 256
8 1732754827.862104893 121 178
9 1732754827.862104893 353 261
10 1732754827.862104893 468 361
11 1732754827.862104893 376 48
12 1732754827.862104893 16 266
13 1732754827.862104893 141 195
14 1732754827.862104893 62 229
0 1732754828.112104893 166 304
1 1732754828.112104893 124 337
2 1732754828.112104893 166 364
3 1732754828.112104893 144 349
4 1732754828.112104893 474 311
5 1732754828.112104893 59 404
6 1732754828.112104893 161 332
7 1732754828.112104893 397 256
8 1732754828.112104893 120 178
9 1732754828.112104893 353 261
10 1732754828.112104893 468 361
11 1732754828.112104893 375 47
12 1732754828.112104893 15 266
13 1732754828.112104893 140 196
14 1732754828.112104893 62 230
0 1732754828.362104893 167 304
1 1732754828.362104893 123 337
2 1732754828.362104893 167 365
3 1732754828.362104893 145 349
4 1732754828.362104893 474 312
5 1732754828.362104893 60 404
6 1732754828.362104893 161 331
7 1732754828.362104893 398 256
8 1732754828.362104893 121 178
9 1732754828.362104893 354 261
10 1732754828.362104893 468 361
11 1732754828.362104893 376 47
12 1732754828.362104893 14 265
13 1732754828.362104893 141 196
14 1732754828.362104893 63 231
0 1732754828.612104893 167 305
1 1732754828.612104893 123 336
2 1732754828.612104893 168 364
3 1732754828.612104893 146 350
4 1732754828.612104893 475 312
5 1732754828.612104893 61 404
6 1732754828.612104893 161 331
7 1732754828.612104893 399 256
8 1732754828.612104893 122 178
9 1732754828.612104893 356 262
10 1732754828.612104893 469 361
11 1732754828.612104893 377 46
12 1732754828.612104893 14 265
13 1732754828.612104893 142 196
14 1732754828.612104893 64 231
0 1732754828.862104893 168 305
1 1732754828.862104893 123 336
2 1732754828.862104893 169 364
3 1732754828.862104893 147 349
4 1732754828.862104893 476 312
5 1732754828.862104893 63 404
6 1732754828.862104893 162 330
7 1732754828.862104893 401 255
8 1732754828.862104893 123 177
9 1732754828.862104893 358 263
10 1732754828.862104893 471 361
11 1732754828.862104893 377 45
12 1732754828.862104893 14 266
13 1732754828.862104893 143 196
14 1732754828.862104893 66 232
0 1732754829.112104893 167 307
1 1732754829.112104893 122 338
2 1732754829.112104893 173 365
3 1732754829.112104893 145 350
4 1732754829.112104893 476 315
5 1732754829.112104893 63 406
6 1732754829.112104893 163 332
7 1732754829.112104893 400 256
8 1732754829.112104893 122 179
9 1732754829.112104893 358 265
10 1732754829.112104893 470 361
11 1732754829.112104893 377 46
12 1732754829.112104893 14 268
13 1732754829.112104893 143 198
14 1732754829.112104893 64 234
0 1732754829.362104893 166 308
1 1732754829.362104893 121 338
2 1732754829.362104893 173 364
3 1732754829.362104893 144 350
4 1732754829.362104893 476 315
5 1732754829.362104893 63 406
6 1732754829.362104893 162 331
7 1732754829.362104893 401 256
8 1732754829.362104893 122 178
9 1732754829.362104893 359 264
10 1732754829.362104893 469 364
11 1732754829.362104893 377 46
12 1732754829.362104893 15 267
13 1732754829.362104893 144 199
14 1732754829.362104893 64 234
0 1732754829.612104893 165 307
1 1732754829.612104893 121 338
2 1732754829.612104893 174 364
3 1732754829.612104893 145 350
4 1732754829.612104893 475 315
5 1732754829.612104893 63 406
6 1732754829.612104893 160 330
7 1732754829.612104893 403 258
8 1732754829.612104893 122 178
9 1732754829.612104893 359 264
10 1732754829.612104893 469 365
11 1732754829.612104893 377 45
12 1732754829.612104893 17 266
13 1732754829.612104893 143 198
14 1732754829.612104893 63 235
0 1732754829.862104893 165 307
1 1732754829.862104893 121 338
2 1732754829.862104893 176 364
3 1732754829.862104893 147 351
4 1732754829.862104893 476 316
5 1732754829.862104893 63 405
6 1732754829.862104893 160 329
7 1732754829.862104893 405 259
8 1732754829.862104893 122 178
9 1732754829.862104893 361 264
10 1732754829.862104893 470 366
11 1732754829.862104893 378 45
12 1732754829.862104893 20 267
13 1732754829.862104893 145 199
14 1732754829.862104893 65 234
0 1732754830.112104893 166 307
1 1732754830.112104893 122 337
2 1732754830.112104893 178 364
3 1732754830.112104893 148 351
4 1732754830.112104893 477 316
5 1732754830.112104893 64 405
6 1732754830.112104893 161 329
7 1732754830.112104893 408 261
8 1732754830.112104893 123 178
9 1732754830.112104893 362 264
10 1732754830.112104893 472 367
11 1732754830.112104893 377 44
12 1732754830.112104893 22 267
13 1732754830.112104893 145 200
14 1732754830.112104893 66 235
0 1732754830.362104893 164 308
1 1732754830.362104893 123 341
2 1732754830.362104893 176 366
3 1732754830.362104893 146 356
4 1732754830.362104893 477 319
5 1732754830.362104893 62 405
6 1732754830.362104893 161 329
7 1732754830.362104893 409 264
8 1732754830.362104893 118 175
9 1732754830.362104893 361 266
10 1732754830.362104893 468 365
11 1732754830.362104893 377 47
12 1732754830.362104893 20 269
13 1732754830.362104893 145 202
14 1732754830.362104893 67 240
0 1732754830.612104893 164 308
1 1732754830.612104893 123 342
2 1732754830.612104893 177 366
3 1732754830.612104893 147 357
4 1732754830.612104893 477 320
5 1732754830.612104893 61 404
6 1732754830.612104893 159 329
7 1732754830.612104893 410 265
8 1732754830.612104893 117 177
9 1732754830.612104893 362 266
10 1732754830.612104893 467 369
11 1732754830.612104893 377 47
12 1732754830.612104893 22 270
13 1732754830.612104893 146 203
14 1732754830.612104893 66 240
0 1732754830.862104893 164 308
1 1732754830.862104893 124 343
2 1732754830.862104893 178 366
3 1732754830.862104893 148 357
4 1732754830.862104893 479 321
5 1732754830.862104893 60 404
6 1732754830.862104893 158 328
7 1732754830.862104893 412 265
8 1732754830.862104893 117 177
9 1732754830.862104893 364 266
10 1732754830.862104893 467 370
11 1732754830.862104893 376 47
12 1732754830.862104893 24 271
13 1732754830.862104893 148 203
14 1732754830.862104893 66 241
0 1732754831.112104893 165 308
1 1732754831.112104893 125 343
2 1732754831.112104893 180 366
3 1732754831.112104893 149 357
4 1732754831.112104893 481 321
5 1732754831.112104893 59 403
6 1732754831.112104893 156 327
7 1732754831.112104893 414 265
8 1732754831.112104893 117 177
9 1732754831.112104893 366 266
10 1732754831.112104893 469 371
11 1732754831.112104893 377 47
12 1732754831.112104893 26 272
13 1732754831.112104893 149 204
14 1732754831.112104893 69 243
0 1732754831.362104893 164 311
1 1732754831.362104893 126 347
2 1732754831.362104893 177 368
3 1732754831.362104893 146 359
4 1732754831.362104893 481 324
5 1732754831.362104893 56 405
6 1732754831.362104893 153 328
7 1732754831.362104893 415 268
8 1732754831.362104893 113 173
9 1732754831.362104893 367 270
10 1732754831.362104893 466 372
11 1732754831.362104893 377 51
12 1732754831.362104893 25 274
13 1732754831.362104893 148 207
14 1732754831.362104893 69 246
0 1732754831.612104893 165 311
1 1732754831.612104893 128 347
2 1732754831.612104893 178 369
3 1732754831.612104893 147 360
4 1732754831.612104893 481 325
5 1732754831.612104893 53 406
6 1732754831.612104893 152 328
7 1732754831.612104893 416 269
8 1732754831.612104893 112 176
9 1732754831.612104893 368 271
10 1732754831.612104893 465 375
11 1732754831.612104893 377 51
12 1732754831.612104893 27 276
13 1732754831.612104893 149 207
14 1732754831.612104893 70 247
0 1732754831.862104893 165 311
1 1732754831.862104893 129 347
2 1732754831.862104893 178 369
3 1732754831.862104893 147 361
4 1732754831.862104893 482 326
5 1732754831.862104893 52 406
6 1732754831.862104893 150 327
7 1732754831.862104893 417 269
8 1732754831.862104893 112 175
9 1732754831.862104893 369 271
10 1732754831.862104893 465 375
11 1732754831.862104893 377 50
12 1732754831.862104893 28 276
13 1732754831.862104893 149 208
14 1732754831.862104893 70 248
