0 1732754804.362104893 146 277
1 1732754804.362104893 119 325
2 1732754804.362104893 109 342
3 1732754804.362104893 134 293
4 1732754804.362104893 416 282
5 1732754804.362104893 97 364
6 1732754804.362104893 126 311
7 1732754804.362104893 312 251
8 1732754804.362104893 107 131
9 1732754804.362104893 344 251
10 1732754804.362104893 419 301
11 1732754804.362104893 382 29
12 1732754804.362104893 16 218
13 1732754804.362104893 102 154
14 1732754804.362104893 52 187
0 1732754804.612104893 145 276
1 1732754804.612104893 118 324
2 1732754804.612104893 108 341
3 1732754804.612104893 133 292
4 1732754804.612104893 415 281
5 1732754804.612104893 96 363
6 1732754804.612104893 125 310
7 1732754804.612104893 312 250
8 1732754804.612104893 106 130
9 1732754804.612104893 344 250
10 1732754804.612104893 418 300
11 1732754804.612104893 381 28
12 1732754804.612104893 15 217
13 1732754804.612104893 101 153
14 1732754804.612104893 51 186
0 1732754804.862104893 147 276
1 1732754804.862104893 119 323
2 1732754804.862104893 109 341
3 1732754804.862104893 134 290
4 1732754804.862104893 416 282
5 1732754804.862104893 97 362
6 1732754804.862104893 126 309
7 1732754804.862104893 312 249
8 1732754804.862104893 105 129
9 1732754804.862104893 345 250
10 1732754804.862104893 418 299
11 1732754804.862104893 383 28
12 1732754804.862104893 16 216
13 1732754804.862104893 102 155
14 1732754804.862104893 52 185
0 1732754805.112104893 148 275
1 1732754805.112104893 119 322
2 1732754805.112104893 109 340
3 1732754805.112104893 135 288
4 1732754805.112104893 416 283
5 1732754805.112104893 98 361
6 1732754805.112104893 127 307
7 1732754805.112104893 313 248
8 1732754805.112104893 104 128
9 1732754805.112104893 346 249
10 1732754805.112104893 419 299
11 1732754805.112104893 385 28
12 1732754805.112104893 17 214
13 1732754805.112104893 104 157
14 1732754805.112104893 52 184
0 1732754805.362104893 145 277
1 1732754805.362104893 118 324
2 1732754805.362104893 107 342
3 1732754805.362104893 134 290
4 1732754805.362104893 417 285
5 1732754805.362104893 96 362
6 1732754805.362104893 126 309
7 1732754805.362104893 312 249
8 1732754805.362104893 102 129
9 1732754805.362104893 346 250
10 1732754805.362104893 420 302
11 1732754805.362104893 384 30
12 1732754805.362104893 16 216
13 1732754805.362104893 99 155
14 1732754805.362104893 50 188
0 1732754805.612104893 145 281
1 1732754805.612104893 120 329
2 1732754805.612104893 107 345
3 1732754805.612104893 131 291
4 1732754805.612104893 416 285
5 1732754805.612104893 96 366
6 1732754805.612104893 126 315
7 1732754805.612104893 313 247
8 1732754805.612104893 102 130
9 1732754805.612104893 344 248
10 1732754805.612104893 419 301
11 1732754805.612104893 384 32
12 1732754805.612104893 14 216
13 1732754805.612104893 97 154
14 1732754805.612104893 48 188
0 1732754805.862104893 146 285
1 1732754805.862104893 121 330
2 1732754805.862104893 107 346
3 1732754805.862104893 130 293
4 1732754805.862104893 416 284
5 1732754805.862104893 97 367
6 1732754805.862104893 128 315
7 1732754805.862104893 313 246
8 1732754805.862104893 103 129
9 1732754805.862104893 344 247
10 1732754805.862104893 420 301
11 1732754805.862104893 384 30
12 1732754805.862104893 14 215
13 1732754805.862104893 96 153
14 1732754805.862104893 48 189
0 1732754806.112104893 147 287
1 1732754806.112104893 120 332
2 1732754806.112104893 108 347
3 1732754806.112104893 130 293
4 1732754806.112104893 417 283
5 1732754806.112104893 96 368
6 1732754806.112104893 127 315
7 1732754806.112104893 313 246
8 1732754806.112104893 101 129
9 1732754806.112104893 343 247
10 1732754806.112104893 420 302
11 1732754806.112104893 384 30
12 1732754806.112104893 13 215
13 1732754806.112104893 95 152
14 1732754806.112104893 48 188
0 1732754806.362104893 146 289
1 1732754806.362104893 116 333
2 1732754806.362104893 107 346
3 1732754806.362104893 130 294
4 1732754806.362104893 416 283
5 1732754806.362104893 97 368
6 1732754806.362104893 125 316
7 1732754806.362104893 313 245
8 1732754806.362104893 100 129
9 1732754806.362104893 343 247
10 1732754806.362104893 419 302
11 1732754806.362104893 383 28
12 1732754806.362104893 14 215
13 1732754806.362104893 95 152
14 1732754806.362104893 49 189
0 1732754806.612104893 147 290
1 1732754806.612104893 115 333
2 1732754806.612104893 104 348
3 1732754806.612104893 130 296
4 1732754806.612104893 416 283
5 1732754806.612104893 97 368
6 1732754806.612104893 124 317
7 1732754806.612104893 313 245
8 1732754806.612104893 99 128
9 1732754806.612104893 343 247
10 1732754806.612104893 418 302
11 1732754806.612104893 383 27
12 1732754806.612104893 13 215
13 1732754806.612104893 94 152
14 1732754806.612104893 49 189
0 1732754806.862104893 147 289
1 1732754806.862104893 113 335
2 1732754806.862104893 103 348
3 1732754806.862104893 130 292
4 1732754806.862104893 416 283
5 1732754806.862104893 95 369
6 1732754806.862104893 124 315
7 1732754806.862104893 312 244
8 1732754806.862104893 98 128
9 1732754806.862104893 343 247
10 1732754806.862104893 419 302
11 1732754806.862104893 383 27
12 1732754806.862104893 13 215
13 1732754806.862104893 94 152
14 1732754806.862104893 49 189
0 1732754807.112104893 147 291
1 1732754807.112104893 113 336
2 1732754807.112104893 102 349
3 1732754807.112104893 130 291
4 1732754807.112104893 415 282
5 1732754807.112104893 93 367
6 1732754807.112104893 124 315
7 1732754807.112104893 312 245
8 1732754807.112104893 97 128
9 1732754807.112104893 343 247
10 1732754807.112104893 418 302
11 1732754807.112104893 383 27
12 1732754807.112104893 13 214
13 1732754807.112104893 93 152
14 1732754807.112104893 49 188
0 1732754807.362104893 146 290
1 1732754807.362104893 112 336
2 1732754807.362104893 99 349
3 1732754807.362104893 129 292
4 1732754807.362104893 416 282
5 1732754807.362104893 93 365
6 1732754807.362104893 124 314
7 1732754807.362104893 312 245
8 1732754807.362104893 96 127
9 1732754807.362104893 343 247
10 1732754807.362104893 418 302
11 1732754807.362104893 383 26
12 1732754807.362104893 12 214
13 1732754807.362104893 93 152
14 1732754807.362104893 49 189
0 1732754807.612104893 146 291
1 1732754807.612104893 111 337
2 1732754807.612104893 98 349
3 1732754807.612104893 128 291
4 1732754807.612104893 414 281
5 1732754807.612104893 92 365
6 1732754807.612104893 122 316
7 1732754807.612104893 312 245
8 1732754807.612104893 94 126
9 1732754807.612104893 343 248
10 1732754807.612104893 416 301
11 1732754807.612104893 383 24
12 1732754807.612104893 11 213
13 1732754807.612104893 91 152
14 1732754807.612104893 49 188
0 1732754807.862104893 146 292
1 1732754807.862104893 105 336
2 1732754807.862104893 97 349
3 1732754807.862104893 130 289
4 1732754807.862104893 414 281
5 1732754807.862104893 91 365
6 1732754807.862104893 121 316
7 1732754807.862104893 311 246
8 1732754807.862104893 94 127
9 1732754807.862104893 343 248
10 1732754807.862104893 414 300
11 1732754807.862104893 384 24
12 1732754807.862104893 11 213
13 1732754807.862104893 90 151
14 1732754807.862104893 49 189
0 1732754808.112104893 145 293
1 1732754808.112104893 103 338
2 1732754808.112104893 98 350
3 1732754808.112104893 128 287
4 1732754808.112104893 416 281
5 1732754808.112104893 91 364
6 1732754808.112104893 120 315
7 1732754808.112104893 311 246
8 1732754808.112104893 95 128
9 1732754808.112104893 343 247
10 1732754808.112104893 416 301
11 1732754808.112104893 384 24
12 1732754808.112104893 11 213
13 1732754808.112104893 90 151
14 1732754808.112104893 48 189
0 1732754808.362104893 144 293
1 1732754808.362104893 100 338
2 1732754808.362104893 97 352
3 1732754808.362104893 127 284
4 1732754808.362104893 415 280
5 1732754808.362104893 92 363
6 1732754808.362104893 119 314
7 1732754808.362104893 311 246
8 1732754808.362104893 94 128
9 1732754808.362104893 343 247
10 1732754808.362104893 415 301
11 1732754808.362104893 383 24
12 1732754808.362104893 10 213
13 1732754808.362104893 90 151
14 1732754808.362104893 48 190
0 1732754808.612104893 142 295
1 1732754808.612104893 97 337
2 1732754808.612104893 97 350
3 1732754808.612104893 126 282
4 1732754808.612104893 415 281
5 1732754808.612104893 90 362
6 1732754808.612104893 115 314
7 1732754808.612104893 310 245
8 1732754808.612104893 92 127
9 1732754808.612104893 342 247
10 1732754808.612104893 412 299
11 1732754808.612104893 381 23
12 1732754808.612104893 10 212
13 1732754808.612104893 89 151
14 1732754808.612104893 48 189
0 1732754808.862104893 142 296
1 1732754808.862104893 97 336
2 1732754808.862104893 94 351
3 1732754808.862104893 126 281
4 1732754808.862104893 413 281
5 1732754808.862104893 90 362
6 1732754808.862104893 117 315
7 1732754808.862104893 309 245
8 1732754808.862104893 91 127
9 1732754808.862104893 343 248
10 1732754808.862104893 412 301
11 1732754808.862104893 379 23
12 1732754808.862104893 9 212
13 1732754808.862104893 89 151
14 1732754808.862104893 47 190
0 1732754809.112104893 142 296
1 1732754809.112104893 93 333
2 1732754809.112104893 94 352
3 1732754809.112104893 124 279
4 1732754809.112104893 413 281
5 1732754809.112104893 91 363
6 1732754809.112104893 117 316
7 1732754809.112104893 309 245
8 1732754809.112104893 92 127
9 1732754809.112104893 342 247
10 1732754809.112104893 412 300
11 1732754809.112104893 380 23
12 1732754809.112104893 9 211
13 1732754809.112104893 89 150
14 1732754809.112104893 47 189
0 1732754809.362104893 141 296
1 1732754809.362104893 93 335
2 1732754809.362104893 95 352
3 1732754809.362104893 122 276
4 1732754809.362104893 415 282
5 1732754809.362104893 92 361
6 1732754809.362104893 116 315
7 1732754809.362104893 309 244
8 1732754809.362104893 91 127
9 1732754809.362104893 342 247
10 1732754809.362104893 410 302
11 1732754809.362104893 379 23
12 1732754809.362104893 9 211
13 1732754809.362104893 88 150
14 1732754809.362104893 46 190
0 1732754809.612104893 139 296
1 1732754809.612104893 93 336
2 1732754809.612104893 95 352
3 1732754809.612104893 120 274
4 1732754809.612104893 414 281
5 1732754809.612104893 92 360
6 1732754809.612104893 116 314
7 1732754809.612104893 308 244
8 1732754809.612104893 89 127
9 1732754809.612104893 341 246
10 1732754809.612104893 408 303
11 1732754809.612104893 377 23
12 1732754809.612104893 8 210
13 1732754809.612104893 87 150
14 1732754809.612104893 46 188
0 1732754809.862104893 139 298
1 1732754809.862104893 92 335
2 1732754809.862104893 93 352
3 1732754809.862104893 118 271
4 1732754809.862104893 415 281
5 1732754809.862104893 92 361
6 1732754809.862104893 113 314
7 1732754809.862104893 308 243
8 1732754809.862104893 89 126
9 1732754809.862104893 340 245
10 1732754809.862104893 408 302
11 1732754809.862104893 378 22
12 1732754809.862104893 7 210
13 1732754809.862104893 87 149
14 1732754809.862104893 45 189
0 1732754810.112104893 139 299
1 1732754810.112104893 92 334
2 1732754810.112104893 93 350
3 1732754810.112104893 118 269
4 1732754810.112104893 415 281
5 1732754810.112104893 93 361
6 1732754810.112104893 115 311
7 1732754810.112104893 307 244
8 1732754810.112104893 88 125
9 1732754810.112104893 340 246
10 1732754810.112104893 407 302
11 1732754810.112104893 377 23
12 1732754810.112104893 7 210
13 1732754810.112104893 87 150
14 1732754810.112104893 45 189
0 1732754810.362104893 140 300
1 1732754810.362104893 91 334
2 1732754810.362104893 91 349
3 1732754810.362104893 117 268
4 1732754810.362104893 414 282
5 1732754810.362104893 93 361
6 1732754810.362104893 115 311
7 1732754810.362104893 307 244
8 1732754810.362104893 88 127
9 1732754810.362104893 339 247
10 1732754810.362104893 407 302
11 1732754810.362104893 376 23
12 1732754810.362104893 7 210
13 1732754810.362104893 86 150
14 1732754810.362104893 45 189
0 1732754810.612104893 139 301
1 1732754810.612104893 91 335
2 1732754810.612104893 92 347
3 1732754810.612104893 116 265
4 1732754810.612104893 413 282
5 1732754810.612104893 90 363
6 1732754810.612104893 114 312
7 1732754810.612104893 306 244
8 1732754810.612104893 87 126
9 1732754810.612104893 340 247
10 1732754810.612104893 407 302
11 1732754810.612104893 377 24
12 1732754810.612104893 7 209
13 1732754810.612104893 87 151
14 1732754810.612104893 44 188
0 1732754810.862104893 138 302
1 1732754810.862104893 88 333
2 1732754810.862104893 90 344
3 1732754810.862104893 116 264
4 1732754810.862104893 416 281
5 1732754810.862104893 91 362
6 1732754810.862104893 111 311
7 1732754810.862104893 306 245
8 1732754810.862104893 87 126
9 1732754810.862104893 340 247
10 1732754810.862104893 405 302
11 1732754810.862104893 377 25
12 1732754810.862104893 7 209
13 1732754810.862104893 86 150
14 1732754810.862104893 44 188
0 1732754811.112104893 139 302
1 1732754811.112104893 90 334
2 1732754811.112104893 89 343
3 1732754811.112104893 115 264
4 1732754811.112104893 415 282
5 1732754811.112104893 93 362
6 1732754811.112104893 112 308
7 1732754811.112104893 305 246
8 1732754811.112104893 85 126
9 1732754811.112104893 340 247
10 1732754811.112104893 405 301
11 1732754811.112104893 377 25
12 1732754811.112104893 7 209
13 1732754811.112104893 86 150
14 1732754811.112104893 44 187
0 1732754811.362104893 139 303
1 1732754811.362104893 89 334
2 1732754811.362104893 90 342
3 1732754811.362104893 114 262
4 1732754811.362104893 415 281
5 1732754811.362104893 93 362
6 1732754811.362104893 113 308
7 1732754811.362104893 305 244
8 1732754811.362104893 85 126
9 1732754811.362104893 341 249
10 1732754811.362104893 406 301
11 1732754811.362104893 376 25
12 1732754811.362104893 8 209
13 1732754811.362104893 87 150
14 1732754811.362104893 44 187
0 1732754811.612104893 139 303
1 1732754811.612104893 89 332
2 1732754811.612104893 90 340
3 1732754811.612104893 113 260
4 1732754811.612104893 413 280
5 1732754811.612104893 93 360
6 1732754811.612104893 111 307
7 1732754811.612104893 305 244
8 1732754811.612104893 83 125
9 1732754811.612104893 341 249
10 1732754811.612104893 403 303
11 1732754811.612104893 376 22
12 1732754811.612104893 7 208
13 1732754811.612104893 88 148
14 1732754811.612104893 44 187
0 1732754811.862104893 138 302
1 1732754811.862104893 88 335
2 1732754811.862104893 90 340
3 1732754811.862104893 113 259
4 1732754811.862104893 409 280
5 1732754811.862104893 91 359
6 1732754811.862104893 111 307
7 1732754811.862104893 305 243
8 1732754811.862104893 83 126
9 1732754811.862104893 341 247
10 1732754811.862104893 404 303
11 1732754811.862104893 378 25
12 1732754811.862104893 7 208
13 1732754811.862104893 86 149
14 1732754811.862104893 43 187
0 1732754812.112104893 140 305
1 1732754812.112104893 88 335
2 1732754812.112104893 90 340
3 1732754812.112104893 114 258
4 1732754812.112104893 407 280
5 1732754812.112104893 92 359
6 1732754812.112104893 111 308
7 1732754812.112104893 305 244
8 1732754812.112104893 82 126
9 1732754812.112104893 341 247
10 1732754812.112104893 404 301
11 1732754812.112104893 380 26
12 1732754812.112104893 8 207
13 1732754812.112104893 86 149
14 1732754812.112104893 44 187
0 1732754812.362104893 140 308
1 1732754812.362104893 88 337
2 1732754812.362104893 88 340
3 1732754812.362104893 112 259
4 1732754812.362104893 408 282
5 1732754812.362104893 91 359
6 1732754812.362104893 111 310
7 1732754812.362104893 304 245
8 1732754812.362104893 80 129
9 1732754812.362104893 341 249
10 1732754812.362104893 403 304
11 1732754812.362104893 380 28
12 1732754812.362104893 8 208
13 1732754812.362104893 85 151
14 1732754812.362104893 43 189
0 1732754812.612104893 141 309
1 1732754812.612104893 88 340
2 1732754812.612104893 87 341
3 1732754812.612104893 111 259
4 1732754812.612104893 407 282
5 1732754812.612104893 91 360
6 1732754812.612104893 111 311
7 1732754812.612104893 304 246
8 1732754812.612104893 79 132
9 1732754812.612104893 341 250
10 1732754812.612104893 403 304
11 1732754812.612104893 381 28
12 1732754812.612104893 8 208
13 1732754812.612104893 87 150
14 1732754812.612104893 43 189
0 1732754812.862104893 142 309
1 1732754812.862104893 89 342
2 1732754812.862104893 86 342
3 1732754812.862104893 112 259
4 1732754812.862104893 407 283
5 1732754812.862104893 91 360
6 1732754812.862104893 111 312
7 1732754812.862104893 305 246
8 1732754812.862104893 79 134
9 1732754812.862104893 342 251
10 1732754812.862104893 403 305
11 1732754812.862104893 382 29
12 1732754812.862104893 9 208
13 1732754812.862104893 87 149
14 1732754812.862104893 43 190
0 1732754813.112104893 142 310
1 1732754813.112104893 89 343
2 1732754813.112104893 86 341
3 1732754813.112104893 112 258
4 1732754813.112104893 408 284
5 1732754813.112104893 92 360
6 1732754813.112104893 112 311
7 1732754813.112104893 305 246
8 1732754813.112104893 78 134
9 1732754813.112104893 342 252
10 1732754813.112104893 404 306
11 1732754813.112104893 383 30
12 1732754813.112104893 10 208
13 1732754813.112104893 87 149
14 1732754813.112104893 43 190
0 1732754813.362104893 142 310
1 1732754813.362104893 90 344
2 1732754813.362104893 85 341
3 1732754813.362104893 112 258
4 1732754813.362104893 407 285
5 1732754813.362104893 92 359
6 1732754813.362104893 111 311
7 1732754813.362104893 305 246
8 1732754813.362104893 77 134
9 1732754813.362104893 343 252
10 1732754813.362104893 404 307
11 1732754813.362104893 383 31
12 1732754813.362104893 10 208
13 1732754813.362104893 86 150
14 1732754813.362104893 44 190
0 1732754813.612104893 142 311
1 1732754813.612104893 90 345
2 1732754813.612104893 84 341
3 1732754813.612104893 112 257
4 1732754813.612104893 407 285
5 1732754813.612104893 92 359
6 1732754813.612104893 111 311
7 1732754813.612104893 305 247
8 1732754813.612104893 77 134
9 1732754813.612104893 343 253
10 1732754813.612104893 404 308
11 1732754813.612104893 383 31
12 1732754813.612104893 10 208
13 1732754813.612104893 86 149
14 1732754813.612104893 44 190
0 1732754813.862104893 141 311
1 1732754813.862104893 91 345
2 1732754813.862104893 83 340
3 1732754813.862104893 112 257
4 1732754813.862104893 407 285
5 1732754813.862104893 92 359
6 1732754813.862104893 111 311
7 1732754813.862104893 305 247
8 1732754813.862104893 76 135
9 1732754813.862104893 343 253
10 1732754813.862104893 404 308
11 1732754813.862104893 382 32
12 1732754813.862104893 11 207
13 1732754813.862104893 86 149
14 1732754813.862104893 44 190
0 1732754814.112104893 141 312
1 1732754814.112104893 91 346
2 1732754814.112104893 83 340
3 1732754814.112104893 111 256
4 1732754814.112104893 405 286
5 1732754814.112104893 92 359
6 1732754814.112104893 110 311
7 1732754814.112104893 305 248
8 1732754814.112104893 74 134
9 1732754814.112104893 343 254
10 1732754814.112104893 404 309
11 1732754814.112104893 382 32
12 1732754814.112104893 11 208
13 1732754814.112104893 85 149
14 1732754814.112104893 44 190
0 1732754814.362104893 140 312
1 1732754814.362104893 92 346
2 1732754814.362104893 82 340
3 1732754814.362104893 111 256
4 1732754814.362104893 404 288
5 1732754814.362104893 92 359
6 1732754814.362104893 110 311
7 1732754814.362104893 304 248
8 1732754814.362104893 73 134
9 1732754814.362104893 343 254
10 1732754814.362104893 405 310
11 1732754814.362104893 381 32
12 1732754814.362104893 11 208
13 1732754814.362104893 85 148
14 1732754814.362104893 43 191
0 1732754814.612104893 140 313
1 1732754814.612104893 92 347
2 1732754814.612104893 81 339
3 1732754814.612104893 110 255
4 1732754814.612104893 404 286
5 1732754814.612104893 91 359
6 1732754814.612104893 109 311
7 1732754814.612104893 304 248
8 1732754814.612104893 72 135
9 1732754814.612104893 343 255
10 1732754814.612104893 404 310
11 1732754814.612104893 381 34
12 1732754814.612104893 11 207
13 1732754814.612104893 84 148
14 1732754814.612104893 43 191
0 1732754814.862104893 139 315
1 1732754814.862104893 92 347
2 1732754814.862104893 81 339
3 1732754814.862104893 109 255
4 1732754814.862104893 404 287
5 1732754814.862104893 91 359
6 1732754814.862104893 109 311
7 1732754814.862104893 304 249
8 1732754814.862104893 73 135
9 1732754814.862104893 343 256
10 1732754814.862104893 403 310
11 1732754814.862104893 382 34
12 1732754814.862104893 11 207
13 1732754814.862104893 84 149
14 1732754814.862104893 43 192
0 1732754815.112104893 139 315
1 1732754815.112104893 92 348
2 1732754815.112104893 80 339
3 1732754815.112104893 109 255
4 1732754815.112104893 404 287
5 1732754815.112104893 91 360
6 1732754815.112104893 108 311
7 1732754815.112104893 303 249
8 1732754815.112104893 72 135
9 1732754815.112104893 342 257
10 1732754815.112104893 403 310
11 1732754815.112104893 381 34
12 1732754815.112104893 10 208
13 1732754815.112104893 84 148
14 1732754815.112104893 42 192
0 1732754815.362104893 138 316
1 1732754815.362104893 92 348
2 1732754815.362104893 79 339
3 1732754815.362104893 108 254
4 1732754815.362104893 405 286
5 1732754815.362104893 90 360
6 1732754815.362104893 108 311
7 1732754815.362104893 303 250
8 1732754815.362104893 71 135
9 1732754815.362104893 342 257
10 1732754815.362104893 402 311
11 1732754815.362104893 381 33
12 1732754815.362104893 11 207
13 1732754815.362104893 84 148
14 1732754815.362104893 42 191
0 1732754815.612104893 137 319
1 1732754815.612104893 91 349
2 1732754815.612104893 77 340
3 1732754815.612104893 107 255
4 1732754815.612104893 405 289
5 1732754815.612104893 87 360
6 1732754815.612104893 105 312
7 1732754815.612104893 302 252
8 1732754815.612104893 70 137
9 1732754815.612104893 341 260
10 1732754815.612104893 401 315
11 1732754815.612104893 381 36
12 1732754815.612104893 10 209
13 1732754815.612104893 83 151
14 1732754815.612104893 41 194
0 1732754815.862104893 138 320
1 1732754815.862104893 89 349
2 1732754815.862104893 77 340
3 1732754815.862104893 107 255
4 1732754815.862104893 405 290
5 1732754815.862104893 88 360
6 1732754815.862104893 105 313
7 1732754815.862104893 302 253
8 1732754815.862104893 70 137
9 1732754815.862104893 341 261
10 1732754815.862104893 401 316
11 1732754815.862104893 381 36
12 1732754815.862104893 10 210
13 1732754815.862104893 82 151
14 1732754815.862104893 41 195
0 1732754816.112104893 139 320
1 1732754816.112104893 88 349
2 1732754816.112104893 76 340
3 1732754816.112104893 107 255
4 1732754816.112104893 404 290
5 1732754816.112104893 88 359
6 1732754816.112104893 104 314
7 1732754816.112104893 300 253
8 1732754816.112104893 71 138
9 1732754816.112104893 341 262
10 1732754816.112104893 401 317
11 1732754816.112104893 381 36
12 1732754816.112104893 10 210
13 1732754816.112104893 83 152
14 1732754816.112104893 41 195
0 1732754816.362104893 140 320
1 1732754816.362104893 88 350
2 1732754816.362104893 76 339
3 1732754816.362104893 107 254
4 1732754816.362104893 404 291
5 1732754816.362104893 89 360
6 1732754816.362104893 104 314
7 1732754816.362104893 300 254
8 1732754816.362104893 71 138
9 1732754816.362104893 342 263
10 1732754816.362104893 401 318
11 1732754816.362104893 381 36
12 1732754816.362104893 11 211
13 1732754816.362104893 83 152
14 1732754816.362104893 40 195
0 1732754816.612104893 142 320
1 1732754816.612104893 88 350
2 1732754816.612104893 76 339
3 1732754816.612104893 108 254
4 1732754816.612104893 404 291
5 1732754816.612104893 90 360
6 1732754816.612104893 105 315
7 1732754816.612104893 300 255
8 1732754816.612104893 70 139
9 1732754816.612104893 343 264
10 1732754816.612104893 400 319
11 1732754816.612104893 381 37
12 1732754816.612104893 11 212
13 1732754816.612104893 83 152
14 1732754816.612104893 40 196
0 1732754816.862104893 143 320
1 1732754816.862104893 89 351
2 1732754816.862104893 76 338
3 1732754816.862104893 107 253
4 1732754816.862104893 405 291
5 1732754816.862104893 90 360
6 1732754816.862104893 105 315
7 1732754816.862104893 300 256
8 1732754816.862104893 69 139
9 1732754816.862104893 344 265
10 1732754816.862104893 400 320
11 1732754816.862104893 382 38
12 1732754816.862104893 12 212
13 1732754816.862104893 82 152
14 1732754816.862104893 40 196
0 1732754817.112104893 145 321
1 1732754817.112104893 89 352
2 1732754817.112104893 76 338
3 1732754817.112104893 107 253
4 1732754817.112104893 405 292
5 1732754817.112104893 91 361
6 1732754817.112104893 105 316
7 1732754817.112104893 299 256
8 1732754817.112104893 69 140
9 1732754817.112104893 345 266
10 1732754817.112104893 400 321
11 1732754817.112104893 382 38
12 1732754817.112104893 13 212
13 1732754817.112104893 82 152
14 1732754817.112104893 39 196
0 1732754817.362104893 146 321
1 1732754817.362104893 89 352
2 1732754817.362104893 76 338
3 1732754817.362104893 107 253
4 1732754817.362104893 405 292
5 1732754817.362104893 92 361
6 1732754817.362104893 105 316
7 1732754817.362104893 299 257
8 1732754817.362104893 68 140
9 1732754817.362104893 345 267
10 1732754817.362104893 400 322
11 1732754817.362104893 383 39
12 1732754817.362104893 12 213
13 1732754817.362104893 82 152
14 1732754817.362104893 39 196
0 1732754817.612104893 147 321
1 1732754817.612104893 90 353
2 1732754817.612104893 76 338
3 1732754817.612104893 106 253
4 1732754817.612104893 405 293
5 1732754817.612104893 93 361
6 1732754817.612104893 104 316
7 1732754817.612104893 299 258
8 1732754817.612104893 68 141
9 1732754817.612104893 346 268
10 1732754817.612104893 400 322
11 1732754817.612104893 383 39
12 1732754817.612104893 12 212
13 1732754817.612104893 82 152
14 1732754817.612104893 38 196
0 1732754817.862104893 148 322
1 1732754817.862104893 90 354
2 1732754817.862104893 75 338
3 1732754817.862104893 106 253
4 1732754817.862104893 405 293
5 1732754817.862104893 94 362
6 1732754817.862104893 104 317
7 1732754817.862104893 299 259
8 1732754817.862104893 67 141
9 1732754817.862104893 347 269
10 1732754817.862104893 400 323
11 1732754817.862104893 383 40
12 1732754817.862104893 13 213
13 1732754817.862104893 81 153
14 1732754817.862104893 38 196
0 1732754818.112104893 149 322
1 1732754818.112104893 90 354
2 1732754818.112104893 75 338
3 1732754818.112104893 106 252
4 1732754818.112104893 405 294
5 1732754818.112104893 95 362
6 1732754818.112104893 104 317
7 1732754818.112104893 299 259
8 1732754818.112104893 67 142
9 1732754818.112104893 347 270
10 1732754818.112104893 400 324
11 1732754818.112104893 382 40
12 1732754818.112104893 12 213
13 1732754818.112104893 80 152
14 1732754818.112104893 38 196
0 1732754818.362104893 150 323
1 1732754818.362104893 90 355
2 1732754818.362104893 74 338
3 1732754818.362104893 105 252
4 1732754818.362104893 404 294
5 1732754818.362104893 96 362
6 1732754818.362104893 104 317
7 1732754818.362104893 299 260
8 1732754818.362104893 67 142
9 1732754818.362104893 348 271
10 1732754818.362104893 399 325
11 1732754818.362104893 383 40
12 1732754818.362104893 13 214
13 1732754818.362104893 79 152
14 1732754818.362104893 37 196
0 1732754818.612104893 151 324
1 1732754818.612104893 90 355
2 1732754818.612104893 74 338
3 1732754818.612104893 105 252
4 1732754818.612104893 403 295
5 1732754818.612104893 97 363
6 1732754818.612104893 104 318
7 1732754818.612104893 299 261
8 1732754818.612104893 66 142
9 1732754818.612104893 348 272
10 1732754818.612104893 399 326
11 1732754818.612104893 383 40
12 1732754818.612104893 14 215
13 1732754818.612104893 79 153
14 1732754818.612104893 37 196
0 1732754818.862104893 152 324
1 1732754818.862104893 90 356
2 1732754818.862104893 73 338
3 1732754818.862104893 104 252
4 1732754818.862104893 403 296
5 1732754818.862104893 98 363
6 1732754818.862104893 103 318
7 1732754818.862104893 299 262
8 1732754818.862104893 66 142
9 1732754818.862104893 349 273
10 1732754818.862104893 398 327
11 1732754818.862104893 382 39
12 1732754818.862104893 13 215
13 1732754818.862104893 78 153
14 1732754818.862104893 37 197
0 1732754819.112104893 153 325
1 1732754819.112104893 91 357
2 1732754819.112104893 73 338
3 1732754819.112104893 104 252
4 1732754819.112104893 403 296
5 1732754819.112104893 99 363
6 1732754819.112104893 103 318
7 1732754819.112104893 299 263
8 1732754819.112104893 66 143
9 1732754819.112104893 349 274
10 1732754819.112104893 399 328
11 1732754819.112104893 383 39
12 1732754819.112104893 14 216
13 1732754819.112104893 77 153
14 1732754819.112104893 37 196
0 1732754819.362104893 154 326
1 1732754819.362104893 91 357
2 1732754819.362104893 73 338
3 1732754819.362104893 103 252
4 1732754819.362104893 403 296
5 1732754819.362104893 99 363
6 1732754819.362104893 103 319
7 1732754819.362104893 299 263
8 1732754819.362104893 65 143
9 1732754819.362104893 350 275
10 1732754819.362104893 399 329
11 1732754819.362104893 383 40
12 1732754819.362104893 16 217
13 1732754819.362104893 77 154
14 1732754819.362104893 37 196
0 1732754819.612104893 153 328
1 1732754819.612104893 87 358
2 1732754819.612104893 71 339
3 1732754819.612104893 102 254
4 1732754819.612104893 403 298
5 1732754819.612104893 100 366
6 1732754819.612104893 100 320
7 1732754819.612104893 298 266
8 1732754819.612104893 63 144
9 1732754819.612104893 348 277
10 1732754819.612104893 398 332
11 1732754819.612104893 382 43
12 1732754819.612104893 15 220
13 1732754819.612104893 75 154
14 1732754819.612104893 36 199
0 1732754819.862104893 153 328
1 1732754819.862104893 86 357
2 1732754819.862104893 72 339
3 1732754819.862104893 101 254
4 1732754819.862104893 401 298
5 1732754819.862104893 100 366
6 1732754819.862104893 100 320
7 1732754819.862104893 298 266
8 1732754819.862104893 62 145
9 1732754819.862104893 348 277
10 1732754819.862104893 398 334
11 1732754819.862104893 382 43
12 1732754819.862104893 15 220
13 1732754819.862104893 76 156
14 1732754819.862104893 36 200
0 1732754820.112104893 150 326
1 1732754820.112104893 86 357
2 1732754820.112104893 71 341
3 1732754820.112104893 101 255
4 1732754820.112104893 399 298
5 1732754820.112104893 97 367
6 1732754820.112104893 98 322
7 1732754820.112104893 296 267
8 1732754820.112104893 61 148
9 1732754820.112104893 346 280
10 1732754820.112104893 397 335
11 1732754820.112104893 381 45
12 1732754820.112104893 15 224
13 1732754820.112104893 74 156
14 1732754820.112104893 37 203
0 1732754820.362104893 151 326
1 1732754820.362104893 85 357
2 1732754820.362104893 71 341
3 1732754820.362104893 101 254
4 1732754820.362104893 399 298
5 1732754820.362104893 96 367
6 1732754820.362104893 98 322
7 1732754820.362104893 296 268
8 1732754820.362104893 58 152
9 1732754820.362104893 345 282
10 1732754820.362104893 397 336
11 1732754820.362104893 381 45
12 1732754820.362104893 16 224
13 1732754820.362104893 73 156
14 1732754820.362104893 36 204
0 1732754820.612104893 153 326
1 1732754820.612104893 84 357
2 1732754820.612104893 70 340
3 1732754820.612104893 101 253
4 1732754820.612104893 398 299
5 1732754820.612104893 95 367
6 1732754820.612104893 97 322
7 1732754820.612104893 294 269
8 1732754820.612104893 57 154
9 1732754820.612104893 345 284
10 1732754820.612104893 397 336
11 1732754820.612104893 382 45
12 1732754820.612104893 16 225
13 1732754820.612104893 73 157
14 1732754820.612104893 36 204
0 1732754820.862104893 153 328
1 1732754820.862104893 85 359
2 1732754820.862104893 70 343
3 1732754820.862104893 99 255
4 1732754820.862104893 397 302
5 1732754820.862104893 94 367
6 1732754820.862104893 96 323
7 1732754820.862104893 293 271
8 1732754820.862104893 56 157
9 1732754820.862104893 345 287
10 1732754820.862104893 395 339
11 1732754820.862104893 380 47
12 1732754820.862104893 15 227
13 1732754820.862104893 72 158
14 1732754820.862104893 35 206
0 1732754821.112104893 152 328
1 1732754821.112104893 85 357
2 1732754821.112104893 69 343
3 1732754821.112104893 98 254
4 1732754821.112104893 396 303
5 1732754821.112104893 93 367
6 1732754821.112104893 95 323
7 1732754821.112104893 293 270
8 1732754821.112104893 56 159
9 1732754821.112104893 345 287
10 1732754821.112104893 394 337
11 1732754821.112104893 379 47
12 1732754821.112104893 15 227
13 1732754821.112104893 71 159
14 1732754821.112104893 35 206
0 1732754821.362104893 151 328
1 1732754821.362104893 84 357
2 1732754821.362104893 68 344
3 1732754821.362104893 96 253
4 1732754821.362104893 394 303
5 1732754821.362104893 93 367
6 1732754821.362104893 95 324
7 1732754821.362104893 292 270
8 1732754821.362104893 55 161
9 1732754821.362104893 345 288
10 1732754821.362104893 391 337
11 1732754821.362104893 378 47
12 1732754821.362104893 14 226
13 1732754821.362104893 71 160
14 1732754821.362104893 34 205
0 1732754821.612104893 152 327
1 1732754821.612104893 84 357
2 1732754821.612104893 68 345
3 1732754821.612104893 96 252
4 1732754821.612104893 393 302
5 1732754821.612104893 93 367
6 1732754821.612104893 94 324
7 1732754821.612104893 291 270
8 1732754821.612104893 54 163
9 1732754821.612104893 346 289
10 1732754821.612104893 390 337
11 1732754821.612104893 378 48
12 1732754821.612104893 15 226
13 1732754821.612104893 71 160
14 1732754821.612104893 35 206
0 1732754821.862104893 153 327
1 1732754821.862104893 84 357
2 1732754821.862104893 68 345
3 1732754821.862104893 95 251
4 1732754821.862104893 392 302
5 1732754821.862104893 94 367
6 1732754821.862104893 94 325
7 1732754821.862104893 291 270
8 1732754821.862104893 54 164
9 1732754821.862104893 348 290
10 1732754821.862104893 389 337
11 1732754821.862104893 378 47
12 1732754821.862104893 15 226
13 1732754821.862104893 70 161
14 1732754821.862104893 35 206
0 1732754822.112104893 154 327
1 1732754822.112104893 85 357
2 1732754822.112104893 69 345
3 1732754822.112104893 95 251
4 1732754822.112104893 391 303
5 1732754822.112104893 95 367
6 1732754822.112104893 94 326
7 1732754822.112104893 291 270
8 1732754822.112104893 53 164
9 1732754822.112104893 349 291
10 1732754822.112104893 388 337
11 1732754822.112104893 378 48
12 1732754822.112104893 16 226
13 1732754822.112104893 70 161
14 1732754822.112104893 35 207
0 1732754822.362104893 154 327
1 1732754822.362104893 85 357
2 1732754822.362104893 69 346
3 1732754822.362104893 95 250
4 1732754822.362104893 390 303
5 1732754822.362104893 95 367
6 1732754822.362104893 94 326
7 1732754822.362104893 291 270
8 1732754822.362104893 53 164
9 1732754822.362104893 350 293
10 1732754822.362104893 389 336
11 1732754822.362104893 378 48
12 1732754822.362104893 15 227
13 1732754822.362104893 69 160
14 1732754822.362104893 35 207
0 1732754822.612104893 155 327
1 1732754822.612104893 85 358
2 1732754822.612104893 69 346
3 1732754822.612104893 95 250
4 1732754822.612104893 390 304
5 1732754822.612104893 95 368
6 1732754822.612104893 94 327
7 1732754822.612104893 290 270
8 1732754822.612104893 52 165
9 1732754822.612104893 351 294
10 1732754822.612104893 390 336
11 1732754822.612104893 378 48
12 1732754822.612104893 16 227
13 1732754822.612104893 69 160
14 1732754822.612104893 35 208
0 1732754822.862104893 155 327
1 1732754822.862104893 86 358
2 1732754822.862104893 69 346
3 1732754822.862104893 95 249
4 1732754822.862104893 389 304
5 1732754822.862104893 96 368
6 1732754822.862104893 94 327
7 1732754822.862104893 290 271
8 1732754822.862104893 51 165
9 1732754822.862104893 352 296
10 1732754822.862104893 389 336
11 1732754822.862104893 377 48
12 1732754822.862104893 16 227
13 1732754822.862104893 69 161
14 1732754822.862104893 35 208
0 1732754823.112104893 156 330
1 1732754823.112104893 82 357
2 1732754823.112104893 66 346
3 1732754823.112104893 94 251
4 1732754823.112104893 389 307
5 1732754823.112104893 94 368
6 1732754823.112104893 90 328
7 1732754823.112104893 289 274
8 1732754823.112104893 51 167
9 1732754823.112104893 351 297
10 1732754823.112104893 387 339
11 1732754823.112104893 377 51
12 1732754823.112104893 15 230
13 1732754823.112104893 68 163
14 1732754823.112104893 34 211
0 1732754823.362104893 156 329
1 1732754823.362104893 79 358
2 1732754823.362104893 63 347
3 1732754823.362104893 94 252
4 1732754823.362104893 388 308
5 1732754823.362104893 93 368
6 1732754823.362104893 90 329
7 1732754823.362104893 288 274
8 1732754823.362104893 51 167
9 1732754823.362104893 351 297
10 1732754823.362104893 386 341
11 1732754823.362104893 376 51
12 1732754823.362104893 16 230
13 1732754823.362104893 68 164
14 1732754823.362104893 34 211
0 1732754823.612104893 156 329
1 1732754823.612104893 78 359
2 1732754823.612104893 62 347
3 1732754823.612104893 95 251
4 1732754823.612104893 388 308
5 1732754823.612104893 93 369
6 1732754823.612104893 88 328
7 1732754823.612104893 288 275
8 1732754823.612104893 52 167
9 1732754823.612104893 352 297
10 1732754823.612104893 385 341
11 1732754823.612104893 376 51
12 1732754823.612104893 16 231
13 1732754823.612104893 69 165
14 1732754823.612104893 34 212
0 1732754823.862104893 157 329
1 1732754823.862104893 77 359
2 1732754823.862104893 62 347
3 1732754823.862104893 95 251
4 1732754823.862104893 388 308
5 1732754823.862104893 94 369
6 1732754823.862104893 88 327
7 1732754823.862104893 288 276
8 1732754823.862104893 52 168
9 1732754823.862104893 354 298
10 1732754823.862104893 385 341
11 1732754823.862104893 377 51
12 1732754823.862104893 16 232
13 1732754823.862104893 70 166
14 1732754823.862104893 34 214
0 1732754824.112104893 158 328
1 1732754824.112104893 77 359
2 1732754824.112104893 61 347
3 1732754824.112104893 94 251
4 1732754824.112104893 389 309
5 1732754824.112104893 94 369
6 1732754824.112104893 88 327
7 1732754824.112104893 289 276
8 1732754824.112104893 52 169
9 1732754824.112104893 354 298
10 1732754824.112104893 384 341
11 1732754824.112104893 377 51
12 1732754824.112104893 16 232
13 1732754824.112104893 70 167
14 1732754824.112104893 34 214
0 1732754824.362104893 159 328
1 1732754824.362104893 77 360
2 1732754824.362104893 61 347
3 1732754824.362104893 94 250
4 1732754824.362104893 390 310
5 1732754824.362104893 95 370
6 1732754824.362104893 87 327
7 1732754824.362104893 289 277
8 1732754824.362104893 51 170
9 1732754824.362104893 355 299
10 1732754824.362104893 384 341
11 1732754824.362104893 377 51
12 1732754824.362104893 16 233
13 1732754824.362104893 70 167
14 1732754824.362104893 34 215
0 1732754824.612104893 160 328
1 1732754824.612104893 77 360
2 1732754824.612104893 60 348
3 1732754824.612104893 95 251
4 1732754824.612104893 390 311
5 1732754824.612104893 96 370
6 1732754824.612104893 87 327
7 1732754824.612104893 290 279
8 1732754824.612104893 51 170
9 1732754824.612104893 356 300
10 1732754824.612104893 383 342
11 1732754824.612104893 378 52
12 1732754824.612104893 16 233
13 1732754824.612104893 70 167
14 1732754824.612104893 34 216
0 1732754824.862104893 160 328
1 1732754824.862104893 77 360
2 1732754824.862104893 60 349
3 1732754824.862104893 94 250
4 1732754824.862104893 390 311
5 1732754824.862104893 97 371
6 1732754824.862104893 86 326
7 1732754824.862104893 290 279
8 1732754824.862104893 51 171
9 1732754824.862104893 356 302
10 1732754824.862104893 383 342
11 1732754824.862104893 377 52
12 1732754824.862104893 16 234
13 1732754824.862104893 70 167
14 1732754824.862104893 34 217
0 1732754825.112104893 161 328
1 1732754825.112104893 77 360
2 1732754825.112104893 60 349
3 1732754825.112104893 93 250
4 1732754825.112104893 390 311
5 1732754825.112104893 97 371
6 1732754825.112104893 86 326
7 1732754825.112104893 290 280
8 1732754825.112104893 50 171
9 1732754825.112104893 357 303
10 1732754825.112104893 383 342
11 1732754825.112104893 377 52
12 1732754825.112104893 17 234
13 1732754825.112104893 70 168
14 1732754825.112104893 33 216
0 1732754825.362104893 162 329
1 1732754825.362104893 77 360
2 1732754825.362104893 61 348
3 1732754825.362104893 95 251
4 1732754825.362104893 390 312
5 1732754825.362104893 98 371
6 1732754825.362104893 85 327
7 1732754825.362104893 290 281
8 1732754825.362104893 49 172
9 1732754825.362104893 358 304
10 1732754825.362104893 383 343
11 1732754825.362104893 377 53
12 1732754825.362104893 17 235
13 1732754825.362104893 70 168
14 1732754825.362104893 33 217
0 1732754825.612104893 159 329
1 1732754825.612104893 75 362
2 1732754825.612104893 61 351
3 1732754825.612104893 94 253
4 1732754825.612104893 390 314
5 1732754825.612104893 97 371
6 1732754825.612104893 83 329
7 1732754825.612104893 289 284
8 1732754825.612104893 48 173
9 1732754825.612104893 355 306
10 1732754825.612104893 382 347
11 1732754825.612104893 376 55
12 1732754825.612104893 16 238
13 1732754825.612104893 69 170
14 1732754825.612104893 32 219
0 1732754825.862104893 159 329
1 1732754825.862104893 75 364
2 1732754825.862104893 61 352
3 1732754825.862104893 94 255
4 1732754825.862104893 390 314
5 1732754825.862104893 98 372
6 1732754825.862104893 83 329
7 1732754825.862104893 287 284
8 1732754825.862104893 48 174
9 1732754825.862104893 354 306
10 1732754825.862104893 381 347
11 1732754825.862104893 377 55
12 1732754825.862104893 17 238
13 1732754825.862104893 68 171
14 1732754825.862104893 32 219
0 1732754826.112104893 160 329
1 1732754826.112104893 74 364
2 1732754826.112104893 61 354
3 1732754826.112104893 94 256
4 1732754826.112104893 389 315
5 1732754826.112104893 98 372
6 1732754826.112104893 83 329
7 1732754826.112104893 287 285
8 1732754826.112104893 48 174
9 1732754826.112104893 355 308
10 1732754826.112104893 380 347
11 1732754826.112104893 377 56
12 1732754826.112104893 18 239
13 1732754826.112104893 68 171
14 1732754826.112104893 31 220
0 1732754826.362104893 161 329
1 1732754826.362104893 75 364
2 1732754826.362104893 62 355
3 1732754826.362104893 96 256
4 1732754826.362104893 389 315
5 1732754826.362104893 98 372
6 1732754826.362104893 82 330
7 1732754826.362104893 286 284
8 1732754826.362104893 48 175
9 1732754826.362104893 355 309
10 1732754826.362104893 380 347
11 1732754826.362104893 377 55
12 1732754826.362104893 18 240
13 1732754826.362104893 69 172
14 1732754826.362104893 32 222
0 1732754826.612104893 162 330
1 1732754826.612104893 74 365
2 1732754826.612104893 62 355
3 1732754826.612104893 95 255
4 1732754826.612104893 389 316
5 1732754826.612104893 98 373
6 1732754826.612104893 82 331
7 1732754826.612104893 286 284
8 1732754826.612104893 48 175
9 1732754826.612104893 356 310
10 1732754826.612104893 380 347
11 1732754826.612104893 377 56
12 1732754826.612104893 19 241
13 1732754826.612104893 69 172
14 1732754826.612104893 32 222
0 1732754826.862104893 163 330
1 1732754826.862104893 74 364
2 1732754826.862104893 61 355
3 1732754826.862104893 94 255
4 1732754826.862104893 388 317
5 1732754826.862104893 99 373
6 1732754826.862104893 82 331
7 1732754826.862104893 287 285
8 1732754826.862104893 48 176
9 1732754826.862104893 357 312
10 1732754826.862104893 381 348
11 1732754826.862104893 377 56
12 1732754826.862104893 20 242
13 1732754826.862104893 68 172
14 1732754826.862104893 33 223
0 1732754827.112104893 165 331
1 1732754827.112104893 74 365
2 1732754827.112104893 61 355
3 1732754827.112104893 95 255
4 1732754827.112104893 388 317
5 1732754827.112104893 99 373
6 1732754827.112104893 81 331
7 1732754827.112104893 286 285
8 1732754827.112104893 47 176
9 1732754827.112104893 359 314
10 1732754827.112104893 381 348
11 1732754827.112104893 377 56
12 1732754827.112104893 20 242
13 1732754827.112104893 68 172
14 1732754827.112104893 33 223
0 1732754827.362104893 162 334
1 1732754827.362104893 72 368
2 1732754827.362104893 60 357
3 1732754827.362104893 94 257
4 1732754827.362104893 386 319
5 1732754827.362104893 99 377
6 1732754827.362104893 78 332
7 1732754827.362104893 283 288
8 1732754827.362104893 45 176
9 1732754827.362104893 357 317
10 1732754827.362104893 379 351
11 1732754827.362104893 375 58
12 1732754827.362104893 20 246
13 1732754827.362104893 67 173
14 1732754827.362104893 33 226
0 1732754827.612104893 161 336
1 1732754827.612104893 71 370
2 1732754827.612104893 59 360
3 1732754827.612104893 94 259
4 1732754827.612104893 385 322
5 1732754827.612104893 99 381
6 1732754827.612104893 77 334
7 1732754827.612104893 282 291
8 1732754827.612104893 45 178
9 1732754827.612104893 356 320
10 1732754827.612104893 379 354
11 1732754827.612104893 375 61
12 1732754827.612104893 20 249
13 1732754827.612104893 67 175
14 1732754827.612104893 32 228
0 1732754827.862104893 160 336
1 1732754827.862104893 71 371
2 1732754827.862104893 59 361
3 1732754827.862104893 93 260
4 1732754827.862104893 385 324
5 1732754827.862104893 98 381
6 1732754827.862104893 77 334
7 1732754827.862104893 282 291
8 1732754827.862104893 44 179
9 1732754827.862104893 356 321
10 1732754827.862104893 378 354
11 1732754827.862104893 374 61
12 1732754827.862104893 20 250
13 1732754827.862104893 67 175
14 1732754827.862104893 32 229
0 1732754828.112104893 160 336
1 1732754828.112104893 71 372
2 1732754828.112104893 58 361
3 1732754828.112104893 94 260
4 1732754828.112104893 385 325
5 1732754828.112104893 97 380
6 1732754828.112104893 77 335
7 1732754828.112104893 281 291
8 1732754828.112104893 43 180
9 1732754828.112104893 356 321
10 1732754828.112104893 377 354
11 1732754828.112104893 374 61
12 1732754828.112104893 20 251
13 1732754828.112104893 66 175
14 1732754828.112104893 33 230
0 1732754828.362104893 161 336
1 1732754828.362104893 71 372
2 1732754828.362104893 59 362
3 1732754828.362104893 93 258
4 1732754828.362104893 386 326
5 1732754828.362104893 98 381
6 1732754828.362104893 77 335
7 1732754828.362104893 281 291
8 1732754828.362104893 42 180
9 1732754828.362104893 356 322
10 1732754828.362104893 378 354
11 1732754828.362104893 373 61
12 1732754828.362104893 20 251
13 1732754828.362104893 66 175
14 1732754828.362104893 34 229
0 1732754828.612104893 162 336
1 1732754828.612104893 70 372
2 1732754828.612104893 59 362
3 1732754828.612104893 93 257
4 1732754828.612104893 386 327
5 1732754828.612104893 98 381
6 1732754828.612104893 77 335
7 1732754828.612104893 280 292
8 1732754828.612104893 42 181
9 1732754828.612104893 358 322
10 1732754828.612104893 379 353
11 1732754828.612104893 373 61
12 1732754828.612104893 20 251
13 1732754828.612104893 66 176
14 1732754828.612104893 34 229
0 1732754828.862104893 163 336
1 1732754828.862104893 69 371
2 1732754828.862104893 59 362
3 1732754828.862104893 92 257
4 1732754828.862104893 387 328
5 1732754828.862104893 97 382
6 1732754828.862104893 77 336
7 1732754828.862104893 280 292
8 1732754828.862104893 42 182
9 1732754828.862104893 358 323
10 1732754828.862104893 379 354
11 1732754828.862104893 374 61
12 1732754828.862104893 21 252
13 1732754828.862104893 65 176
14 1732754828.862104893 34 229
0 1732754829.112104893 163 340
1 1732754829.112104893 69 374
2 1732754829.112104893 58 363
3 1732754829.112104893 92 259
4 1732754829.112104893 387 331
5 1732754829.112104893 96 384
6 1732754829.112104893 77 337
7 1732754829.112104893 280 294
8 1732754829.112104893 41 184
9 1732754829.112104893 357 324
10 1732754829.112104893 377 357
11 1732754829.112104893 373 64
12 1732754829.112104893 21 254
13 1732754829.112104893 63 175
14 1732754829.112104893 33 231
0 1732754829.362104893 164 340
1 1732754829.362104893 69 373
2 1732754829.362104893 58 362
3 1732754829.362104893 92 257
4 1732754829.362104893 387 330
5 1732754829.362104893 96 385
6 1732754829.362104893 77 337
7 1732754829.362104893 280 294
8 1732754829.362104893 40 184
9 1732754829.362104893 356 324
10 1732754829.362104893 377 357
11 1732754829.362104893 371 64
12 1732754829.362104893 21 254
13 1732754829.362104893 62 177
14 1732754829.362104893 33 231
0 1732754829.612104893 165 340
1 1732754829.612104893 69 372
2 1732754829.612104893 59 362
3 1732754829.612104893 93 257
4 1732754829.612104893 386 330
5 1732754829.612104893 96 386
6 1732754829.612104893 78 338
7 1732754829.612104893 279 294
8 1732754829.612104893 40 184
9 1732754829.612104893 355 326
10 1732754829.612104893 377 356
11 1732754829.612104893 371 64
12 1732754829.612104893 22 255
13 1732754829.612104893 62 178
14 1732754829.612104893 33 232
0 1732754829.862104893 166 340
1 1732754829.862104893 70 373
2 1732754829.862104893 60 362
3 1732754829.862104893 94 256
4 1732754829.862104893 386 329
5 1732754829.862104893 96 388
6 1732754829.862104893 78 339
7 1732754829.862104893 279 294
8 1732754829.862104893 40 184
9 1732754829.862104893 353 323
10 1732754829.862104893 377 356
11 1732754829.862104893 370 63
12 1732754829.862104893 22 256
13 1732754829.862104893 62 178
14 1732754829.862104893 33 231
0 1732754830.112104893 168 340
1 1732754830.112104893 71 373
2 1732754830.112104893 60 363
3 1732754830.112104893 94 255
4 1732754830.112104893 385 328
5 1732754830.112104893 95 388
6 1732754830.112104893 79 340
7 1732754830.112104893 280 294
8 1732754830.112104893 40 184
9 1732754830.112104893 353 324
10 1732754830.112104893 377 356
11 1732754830.112104893 371 62
12 1732754830.112104893 22 256
13 1732754830.112104893 62 179
14 1732754830.112104893 34 231
0 1732754830.362104893 164 340
1 1732754830.362104893 67 372
2 1732754830.362104893 59 364
3 1732754830.362104893 93 256
4 1732754830.362104893 384 332
5 1732754830.362104893 95 391
6 1732754830.362104893 76 342
7 1732754830.362104893 279 298
8 1732754830.362104893 38 186
9 1732754830.362104893 353 326
10 1732754830.362104893 377 359
11 1732754830.362104893 371 66
12 1732754830.362104893 22 259
13 1732754830.362104893 60 180
14 1732754830.362104893 33 234
0 1732754830.612104893 164 341
1 1732754830.612104893 65 371
2 1732754830.612104893 59 365
3 1732754830.612104893 92 256
4 1732754830.612104893 383 333
5 1732754830.612104893 95 392
6 1732754830.612104893 77 341
7 1732754830.612104893 280 298
8 1732754830.612104893 37 186
9 1732754830.612104893 353 328
10 1732754830.612104893 377 360
11 1732754830.612104893 370 66
12 1732754830.612104893 23 260
13 1732754830.612104893 59 180
14 1732754830.612104893 34 234
0 1732754830.862104893 164 342
1 1732754830.862104893 65 371
2 1732754830.862104893 59 366
3 1732754830.862104893 92 256
4 1732754830.862104893 384 334
5 1732754830.862104893 95 392
6 1732754830.862104893 76 341
7 1732754830.862104893 282 297
8 1732754830.862104893 37 187
9 1732754830.862104893 354 328
10 1732754830.862104893 377 360
11 1732754830.862104893 370 66
12 1732754830.862104893 24 260
13 1732754830.862104893 58 181
14 1732754830.862104893 35 235
0 1732754831.112104893 164 342
1 1732754831.112104893 64 371
2 1732754831.112104893 59 367
3 1732754831.112104893 92 256
4 1732754831.112104893 384 334
5 1732754831.112104893 95 392
6 1732754831.112104893 76 341
7 1732754831.112104893 283 297
8 1732754831.112104893 36 187
9 1732754831.112104893 354 328
10 1732754831.112104893 376 361
11 1732754831.112104893 369 67
12 1732754831.112104893 25 261
13 1732754831.112104893 57 181
14 1732754831.112104893 35 235
0 1732754831.362104893 163 344
1 1732754831.362104893 63 374
2 1732754831.362104893 58 368
3 1732754831.362104893 88 256
4 1732754831.362104893 383 335
5 1732754831.362104893 95 393
6 1732754831.362104893 74 341
7 1732754831.362104893 281 300
8 1732754831.362104893 35 189
9 1732754831.362104893 353 331
10 1732754831.362104893 376 364
11 1732754831.362104893 370 69
12 1732754831.362104893 23 263
13 1732754831.362104893 56 183
14 1732754831.362104893 34 236
0 1732754831.612104893 162 344
1 1732754831.612104893 62 374
2 1732754831.612104893 58 369
3 1732754831.612104893 88 256
4 1732754831.612104893 382 338
5 1732754831.612104893 96 394
6 1732754831.612104893 71 341
7 1732754831.612104893 280 302
8 1732754831.612104893 34 189
9 1732754831.612104893 354 332
10 1732754831.612104893 376 365
11 1732754831.612104893 370 70
12 1732754831.612104893 24 264
13 1732754831.612104893 55 184
14 1732754831.612104893 35 238
0 1732754831.862104893 162 344
1 1732754831.862104893 62 374
2 1732754831.862104893 57 370
3 1732754831.862104893 88 256
4 1732754831.862104893 381 339
5 1732754831.862104893 96 395
6 1732754831.862104893 69 342
7 1732754831.862104893 280 303
8 1732754831.862104893 34 189
9 1732754831.862104893 354 333
10 1732754831.862104893 376 366
11 1732754831.862104893 370 71
12 1732754831.862104893 24 265
13 1732754831.862104893 55 185
14 1732754831.862104893 35 239
