0 1732754804.362104893 146 277
1 1732754804.362104893 119 325
2 1732754804.362104893 109 342
3 1732754804.362104893 134 293
4 1732754804.362104893 416 282
5 1732754804.362104893 97 364
6 1732754804.362104893 126 311
7 1732754804.362104893 312 251
8 1732754804.362104893 107 131
9 1732754804.362104893 344 251
10 1732754804.362104893 419 301
11 1732754804.362104893 382 29
12 1732754804.362104893 16 218
13 1732754804.362104893 102 154
14 1732754804.362104893 52 187
0 1732754804.612104893 146 276
1 1732754804.612104893 119 324
2 1732754804.612104893 109 341
3 1732754804.612104893 133 292
4 1732754804.612104893 416 281
5 1732754804.612104893 97 363
6 1732754804.612104893 125 310
7 1732754804.612104893 311 250
8 1732754804.612104893 106 130
9 1732754804.612104893 343 250
10 1732754804.612104893 418 300
11 1732754804.612104893 381 28
12 1732754804.612104893 16 217
13 1732754804.612104893 102 153
14 1732754804.612104893 52 186
0 1732754804.862104893 146 277
1 1732754804.862104893 120 325
2 1732754804.862104893 110 341
3 1732754804.862104893 134 292
4 1732754804.862104893 417 281
5 1732754804.862104893 97 363
6 1732754804.862104893 126 310
7 1732754804.862104893 312 249
8 1732754804.862104893 107 131
9 1732754804.862104893 345 250
10 1732754804.862104893 419 299
11 1732754804.862104893 384 29
12 1732754804.862104893 17 217
13 1732754804.862104893 103 153
14 1732754804.862104893 53 186
0 1732754805.112104893 147 277
1 1732754805.112104893 120 325
2 1732754805.112104893 111 341
3 1732754805.112104893 136 293
4 1732754805.112104893 419 282
5 1732754805.112104893 98 364
6 1732754805.112104893 126 310
7 1732754805.112104893 314 249
8 1732754805.112104893 108 132
9 1732754805.112104893 346 249
10 1732754805.112104893 421 299
11 1732754805.112104893 386 29
12 1732754805.112104893 18 216
13 1732754805.112104893 105 153
14 1732754805.112104893 55 187
0 1732754805.362104893 145 279
1 1732754805.362104893 119 328
2 1732754805.362104893 109 344
3 1732754805.362104893 134 294
4 1732754805.362104893 419 284
5 1732754805.362104893 96 365
6 1732754805.362104893 125 312
7 1732754805.362104893 314 251
8 1732754805.362104893 104 130
9 1732754805.362104893 345 250
10 1732754805.362104893 421 302
11 1732754805.362104893 386 32
12 1732754805.362104893 16 218
13 1732754805.362104893 101 155
14 1732754805.362104893 50 187
0 1732754805.612104893 145 286
1 1732754805.612104893 119 332
2 1732754805.612104893 111 348
3 1732754805.612104893 136 299
4 1732754805.612104893 419 286
5 1732754805.612104893 97 370
6 1732754805.612104893 125 318
7 1732754805.612104893 315 250
8 1732754805.612104893 104 133
9 1732754805.612104893 344 249
10 1732754805.612104893 421 300
11 1732754805.612104893 386 34
12 1732754805.612104893 16 218
13 1732754805.612104893 99 155
14 1732754805.612104893 49 186
0 1732754805.862104893 148 290
1 1732754805.862104893 122 334
2 1732754805.862104893 112 348
3 1732754805.862104893 138 302
4 1732754805.862104893 420 286
5 1732754805.862104893 98 372
6 1732754805.862104893 126 319
7 1732754805.862104893 315 250
8 1732754805.862104893 106 134
9 1732754805.862104893 343 249
10 1732754805.862104893 421 300
11 1732754805.862104893 386 35
12 1732754805.862104893 15 218
13 1732754805.862104893 99 155
14 1732754805.862104893 48 186
0 1732754806.112104893 149 292
1 1732754806.112104893 121 334
2 1732754806.112104893 112 349
3 1732754806.112104893 140 303
4 1732754806.112104893 420 286
5 1732754806.112104893 96 374
6 1732754806.112104893 126 320
7 1732754806.112104893 314 250
8 1732754806.112104893 105 132
9 1732754806.112104893 342 248
10 1732754806.112104893 422 300
11 1732754806.112104893 386 35
12 1732754806.112104893 15 219
13 1732754806.112104893 98 154
14 1732754806.112104893 47 185
0 1732754806.362104893 147 295
1 1732754806.362104893 121 336
2 1732754806.362104893 113 349
3 1732754806.362104893 138 303
4 1732754806.362104893 421 285
5 1732754806.362104893 97 376
6 1732754806.362104893 124 319
7 1732754806.362104893 314 249
8 1732754806.362104893 105 132
9 1732754806.362104893 342 248
10 1732754806.362104893 421 300
11 1732754806.362104893 386 36
12 1732754806.362104893 14 220
13 1732754806.362104893 99 154
14 1732754806.362104893 48 185
0 1732754806.612104893 147 296
1 1732754806.612104893 119 333
2 1732754806.612104893 111 349
3 1732754806.612104893 139 304
4 1732754806.612104893 421 285
5 1732754806.612104893 94 375
6 1732754806.612104893 123 319
7 1732754806.612104893 314 249
8 1732754806.612104893 104 132
9 1732754806.612104893 341 248
10 1732754806.612104893 421 300
11 1732754806.612104893 385 35
12 1732754806.612104893 13 219
13 1732754806.612104893 99 153
14 1732754806.612104893 48 184
0 1732754806.862104893 146 297
1 1732754806.862104893 120 334
2 1732754806.862104893 110 353
3 1732754806.862104893 139 304
4 1732754806.862104893 421 284
5 1732754806.862104893 93 375
6 1732754806.862104893 125 321
7 1732754806.862104893 313 248
8 1732754806.862104893 105 132
9 1732754806.862104893 341 249
10 1732754806.862104893 421 300
11 1732754806.862104893 385 36
12 1732754806.862104893 13 220
13 1732754806.862104893 100 154
14 1732754806.862104893 49 185
0 1732754807.112104893 146 299
1 1732754807.112104893 120 334
2 1732754807.112104893 107 355
3 1732754807.112104893 140 303
4 1732754807.112104893 420 283
5 1732754807.112104893 92 376
6 1732754807.112104893 125 320
7 1732754807.112104893 314 248
8 1732754807.112104893 104 131
9 1732754807.112104893 340 248
10 1732754807.112104893 422 300
11 1732754807.112104893 386 34
12 1732754807.112104893 13 220
13 1732754807.112104893 101 154
14 1732754807.112104893 49 185
0 1732754807.362104893 145 300
1 1732754807.362104893 119 335
2 1732754807.362104893 108 354
3 1732754807.362104893 140 302
4 1732754807.362104893 419 283
5 1732754807.362104893 93 378
6 1732754807.362104893 124 319
7 1732754807.362104893 313 248
8 1732754807.362104893 105 131
9 1732754807.362104893 340 248
10 1732754807.362104893 422 301
11 1732754807.362104893 386 34
12 1732754807.362104893 13 220
13 1732754807.362104893 101 154
14 1732754807.362104893 50 186
0 1732754807.612104893 145 302
1 1732754807.612104893 116 333
2 1732754807.612104893 107 353
3 1732754807.612104893 141 304
4 1732754807.612104893 419 283
5 1732754807.612104893 92 379
6 1732754807.612104893 122 321
7 1732754807.612104893 312 247
8 1732754807.612104893 103 131
9 1732754807.612104893 340 248
10 1732754807.612104893 421 299
11 1732754807.612104893 385 33
12 1732754807.612104893 14 220
13 1732754807.612104893 102 153
14 1732754807.612104893 49 184
0 1732754807.862104893 147 306
1 1732754807.862104893 114 336
2 1732754807.862104893 105 353
3 1732754807.862104893 142 304
4 1732754807.862104893 416 282
5 1732754807.862104893 90 379
6 1732754807.862104893 121 322
7 1732754807.862104893 312 250
8 1732754807.862104893 105 131
9 1732754807.862104893 339 248
10 1732754807.862104893 420 298
11 1732754807.862104893 383 31
12 1732754807.862104893 13 220
13 1732754807.862104893 102 153
14 1732754807.862104893 49 185
0 1732754808.112104893 144 306
1 1732754808.112104893 114 336
2 1732754808.112104893 106 352
3 1732754808.112104893 141 305
4 1732754808.112104893 418 283
5 1732754808.112104893 90 377
6 1732754808.112104893 120 322
7 1732754808.112104893 312 250
8 1732754808.112104893 103 130
9 1732754808.112104893 340 248
10 1732754808.112104893 421 299
11 1732754808.112104893 384 32
12 1732754808.112104893 13 219
13 1732754808.112104893 101 154
14 1732754808.112104893 50 185
0 1732754808.362104893 143 307
1 1732754808.362104893 115 337
2 1732754808.362104893 108 351
3 1732754808.362104893 140 306
4 1732754808.362104893 418 283
5 1732754808.362104893 87 378
6 1732754808.362104893 120 320
7 1732754808.362104893 311 249
8 1732754808.362104893 105 131
9 1732754808.362104893 339 248
10 1732754808.362104893 420 299
11 1732754808.362104893 384 32
12 1732754808.362104893 14 219
13 1732754808.362104893 102 154
14 1732754808.362104893 51 186
0 1732754808.612104893 142 308
1 1732754808.612104893 113 336
2 1732754808.612104893 106 350
3 1732754808.612104893 139 305
4 1732754808.612104893 418 284
5 1732754808.612104893 87 377
6 1732754808.612104893 118 321
7 1732754808.612104893 311 250
8 1732754808.612104893 104 133
9 1732754808.612104893 340 246
10 1732754808.612104893 420 299
11 1732754808.612104893 383 33
12 1732754808.612104893 13 218
13 1732754808.612104893 102 153
14 1732754808.612104893 51 185
0 1732754808.862104893 144 308
1 1732754808.862104893 114 337
2 1732754808.862104893 105 352
3 1732754808.862104893 141 306
4 1732754808.862104893 415 281
5 1732754808.862104893 86 378
6 1732754808.862104893 118 322
7 1732754808.862104893 310 250
8 1732754808.862104893 105 132
9 1732754808.862104893 339 247
10 1732754808.862104893 419 298
11 1732754808.862104893 383 32
12 1732754808.862104893 13 219
13 1732754808.862104893 101 154
14 1732754808.862104893 50 186
0 1732754809.112104893 141 309
1 1732754809.112104893 115 339
2 1732754809.112104893 106 353
3 1732754809.112104893 138 309
4 1732754809.112104893 416 282
5 1732754809.112104893 85 379
6 1732754809.112104893 117 324
7 1732754809.112104893 309 250
8 1732754809.112104893 104 131
9 1732754809.112104893 338 246
10 1732754809.112104893 420 296
11 1732754809.112104893 383 31
12 1732754809.112104893 13 218
13 1732754809.112104893 103 156
14 1732754809.112104893 50 185
0 1732754809.362104893 141 310
1 1732754809.362104893 116 338
2 1732754809.362104893 108 357
3 1732754809.362104893 140 313
4 1732754809.362104893 418 283
5 1732754809.362104893 87 382
6 1732754809.362104893 117 326
7 1732754809.362104893 309 250
8 1732754809.362104893 106 132
9 1732754809.362104893 338 247
10 1732754809.362104893 419 298
11 1732754809.362104893 381 31
12 1732754809.362104893 14 219
13 1732754809.362104893 102 154
14 1732754809.362104893 51 186
0 1732754809.612104893 141 309
1 1732754809.612104893 114 338
2 1732754809.612104893 110 358
3 1732754809.612104893 137 312
4 1732754809.612104893 417 283
5 1732754809.612104893 84 382
6 1732754809.612104893 115 326
7 1732754809.612104893 309 250
8 1732754809.612104893 103 134
9 1732754809.612104893 338 247
10 1732754809.612104893 418 299
11 1732754809.612104893 379 30
12 1732754809.612104893 13 220
13 1732754809.612104893 100 153
14 1732754809.612104893 51 185
0 1732754809.862104893 141 310
1 1732754809.862104893 113 337
2 1732754809.862104893 109 357
3 1732754809.862104893 138 312
4 1732754809.862104893 418 283
5 1732754809.862104893 84 379
6 1732754809.862104893 116 326
7 1732754809.862104893 310 249
8 1732754809.862104893 104 131
9 1732754809.862104893 337 245
10 1732754809.862104893 418 299
11 1732754809.862104893 378 29
12 1732754809.862104893 13 219
13 1732754809.862104893 101 153
14 1732754809.862104893 50 185
0 1732754810.112104893 142 311
1 1732754810.112104893 113 339
2 1732754810.112104893 110 359
3 1732754810.112104893 138 313
4 1732754810.112104893 417 282
5 1732754810.112104893 82 378
6 1732754810.112104893 116 326
7 1732754810.112104893 311 249
8 1732754810.112104893 105 132
9 1732754810.112104893 336 245
10 1732754810.112104893 418 298
11 1732754810.112104893 379 31
12 1732754810.112104893 13 217
13 1732754810.112104893 102 155
14 1732754810.112104893 49 185
0 1732754810.362104893 141 312
1 1732754810.362104893 114 339
2 1732754810.362104893 111 360
3 1732754810.362104893 138 314
4 1732754810.362104893 416 282
5 1732754810.362104893 81 379
6 1732754810.362104893 116 328
7 1732754810.362104893 310 250
8 1732754810.362104893 105 131
9 1732754810.362104893 337 245
10 1732754810.362104893 419 300
11 1732754810.362104893 376 30
12 1732754810.362104893 13 218
13 1732754810.362104893 102 155
14 1732754810.362104893 50 186
0 1732754810.612104893 138 314
1 1732754810.612104893 115 337
2 1732754810.612104893 109 362
3 1732754810.612104893 136 314
4 1732754810.612104893 418 282
5 1732754810.612104893 80 378
6 1732754810.612104893 114 328
7 1732754810.612104893 311 250
8 1732754810.612104893 103 131
9 1732754810.612104893 337 245
10 1732754810.612104893 419 301
11 1732754810.612104893 377 30
12 1732754810.612104893 15 218
13 1732754810.612104893 103 155
14 1732754810.612104893 49 185
0 1732754810.862104893 137 315
1 1732754810.862104893 114 338
2 1732754810.862104893 110 361
3 1732754810.862104893 136 315
4 1732754810.862104893 418 282
5 1732754810.862104893 82 379
6 1732754810.862104893 115 328
7 1732754810.862104893 309 250
8 1732754810.862104893 105 131
9 1732754810.862104893 338 246
10 1732754810.862104893 419 299
11 1732754810.862104893 377 29
12 1732754810.862104893 15 219
13 1732754810.862104893 103 154
14 1732754810.862104893 50 186
0 1732754811.112104893 138 318
1 1732754811.112104893 115 339
2 1732754811.112104893 108 361
3 1732754811.112104893 136 315
4 1732754811.112104893 417 282
5 1732754811.112104893 83 378
6 1732754811.112104893 116 328
7 1732754811.112104893 310 251
8 1732754811.112104893 105 131
9 1732754811.112104893 337 246
10 1732754811.112104893 421 300
11 1732754811.112104893 375 30
12 1732754811.112104893 15 219
13 1732754811.112104893 102 155
14 1732754811.112104893 52 186
0 1732754811.362104893 138 318
1 1732754811.362104893 114 340
2 1732754811.362104893 110 361
3 1732754811.362104893 137 315
4 1732754811.362104893 416 281
5 1732754811.362104893 80 380
6 1732754811.362104893 116 327
7 1732754811.362104893 310 250
8 1732754811.362104893 105 131
9 1732754811.362104893 337 247
10 1732754811.362104893 420 298
11 1732754811.362104893 375 29
12 1732754811.362104893 15 219
13 1732754811.362104893 103 154
14 1732754811.362104893 51 186
0 1732754811.612104893 138 318
1 1732754811.612104893 115 338
2 1732754811.612104893 108 362
3 1732754811.612104893 138 315
4 1732754811.612104893 417 282
5 1732754811.612104893 82 382
6 1732754811.612104893 118 329
7 1732754811.612104893 310 250
8 1732754811.612104893 105 130
9 1732754811.612104893 338 249
10 1732754811.612104893 419 298
11 1732754811.612104893 377 27
12 1732754811.612104893 16 218
13 1732754811.612104893 104 152
14 1732754811.612104893 51 184
0 1732754811.862104893 136 318
1 1732754811.862104893 112 337
2 1732754811.862104893 108 361
3 1732754811.862104893 136 313
4 1732754811.862104893 416 282
5 1732754811.862104893 82 378
6 1732754811.862104893 117 327
7 1732754811.862104893 309 249
8 1732754811.862104893 105 130
9 1732754811.862104893 336 246
10 1732754811.862104893 419 298
11 1732754811.862104893 376 29
12 1732754811.862104893 15 218
13 1732754811.862104893 102 154
14 1732754811.862104893 50 185
0 1732754812.112104893 137 318
1 1732754812.112104893 112 339
2 1732754812.112104893 107 362
3 1732754812.112104893 138 314
4 1732754812.112104893 416 281
5 1732754812.112104893 83 378
6 1732754812.112104893 117 328
7 1732754812.112104893 308 250
8 1732754812.112104893 104 128
9 1732754812.112104893 335 246
10 1732754812.112104893 420 298
11 1732754812.112104893 377 29
12 1732754812.112104893 15 218
13 1732754812.112104893 103 154
14 1732754812.112104893 52 184
0 1732754812.362104893 136 321
1 1732754812.362104893 111 341
2 1732754812.362104893 107 364
3 1732754812.362104893 137 317
4 1732754812.362104893 417 284
5 1732754812.362104893 83 381
6 1732754812.362104893 116 332
7 1732754812.362104893 309 252
8 1732754812.362104893 102 131
9 1732754812.362104893 333 248
10 1732754812.362104893 420 301
11 1732754812.362104893 376 30
12 1732754812.362104893 15 221
13 1732754812.362104893 102 158
14 1732754812.362104893 49 188
0 1732754812.612104893 137 324
1 1732754812.612104893 113 342
2 1732754812.612104893 108 365
3 1732754812.612104893 138 318
4 1732754812.612104893 417 283
5 1732754812.612104893 83 383
6 1732754812.612104893 117 332
7 1732754812.612104893 309 252
8 1732754812.612104893 101 132
9 1732754812.612104893 334 247
10 1732754812.612104893 420 301
11 1732754812.612104893 377 30
12 1732754812.612104893 15 221
13 1732754812.612104893 102 158
14 1732754812.612104893 48 191
0 1732754812.862104893 137 325
1 1732754812.862104893 113 343
2 1732754812.862104893 109 366
3 1732754812.862104893 139 319
4 1732754812.862104893 418 284
5 1732754812.862104893 84 385
6 1732754812.862104893 118 332
7 1732754812.862104893 309 252
8 1732754812.862104893 102 134
9 1732754812.862104893 334 247
10 1732754812.862104893 421 301
11 1732754812.862104893 377 30
12 1732754812.862104893 16 222
13 1732754812.862104893 105 157
14 1732754812.862104893 47 194
0 1732754813.112104893 137 326
1 1732754813.112104893 114 343
2 1732754813.112104893 109 367
3 1732754813.112104893 139 319
4 1732754813.112104893 418 284
5 1732754813.112104893 84 385
6 1732754813.112104893 119 331
7 1732754813.112104893 309 253
8 1732754813.112104893 103 135
9 1732754813.112104893 334 247
10 1732754813.112104893 421 301
11 1732754813.112104893 376 31
12 1732754813.112104893 17 223
13 1732754813.112104893 106 157
14 1732754813.112104893 47 197
0 1732754813.362104893 137 326
1 1732754813.362104893 115 344
2 1732754813.362104893 109 368
3 1732754813.362104893 139 320
4 1732754813.362104893 418 285
5 1732754813.362104893 84 386
6 1732754813.362104893 119 331
7 1732754813.362104893 310 253
8 1732754813.362104893 105 137
9 1732754813.362104893 334 247
10 1732754813.362104893 421 301
11 1732754813.362104893 376 30
12 1732754813.362104893 17 223
13 1732754813.362104893 108 158
14 1732754813.362104893 48 197
0 1732754813.612104893 136 328
1 1732754813.612104893 115 344
2 1732754813.612104893 109 368
3 1732754813.612104893 138 321
4 1732754813.612104893 419 286
5 1732754813.612104893 84 387
6 1732754813.612104893 120 332
7 1732754813.612104893 310 254
8 1732754813.612104893 105 139
9 1732754813.612104893 334 248
10 1732754813.612104893 421 302
11 1732754813.612104893 379 32
12 1732754813.612104893 17 224
13 1732754813.612104893 108 159
14 1732754813.612104893 50 196
0 1732754813.862104893 136 329
1 1732754813.862104893 115 345
2 1732754813.862104893 109 369
3 1732754813.862104893 138 322
4 1732754813.862104893 419 285
5 1732754813.862104893 84 387
6 1732754813.862104893 120 332
7 1732754813.862104893 310 254
8 1732754813.862104893 105 137
9 1732754813.862104893 334 248
10 1732754813.862104893 420 302
11 1732754813.862104893 378 32
12 1732754813.862104893 17 225
13 1732754813.862104893 109 160
14 1732754813.862104893 50 196
0 1732754814.112104893 136 330
1 1732754814.112104893 116 346
2 1732754814.112104893 108 370
3 1732754814.112104893 138 324
4 1732754814.112104893 419 286
5 1732754814.112104893 84 387
6 1732754814.112104893 120 332
7 1732754814.112104893 309 255
8 1732754814.112104893 104 137
9 1732754814.112104893 333 248
10 1732754814.112104893 420 301
11 1732754814.112104893 379 33
12 1732754814.112104893 18 225
13 1732754814.112104893 110 160
14 1732754814.112104893 51 196
0 1732754814.362104893 135 330
1 1732754814.362104893 116 347
2 1732754814.362104893 108 371
3 1732754814.362104893 138 324
4 1732754814.362104893 419 286
5 1732754814.362104893 84 388
6 1732754814.362104893 120 333
7 1732754814.362104893 309 256
8 1732754814.362104893 105 136
9 1732754814.362104893 333 247
10 1732754814.362104893 420 301
11 1732754814.362104893 380 33
12 1732754814.362104893 18 226
13 1732754814.362104893 108 159
14 1732754814.362104893 53 197
0 1732754814.612104893 135 332
1 1732754814.612104893 116 348
2 1732754814.612104893 108 371
3 1732754814.612104893 138 324
4 1732754814.612104893 419 287
5 1732754814.612104893 84 388
6 1732754814.612104893 120 334
7 1732754814.612104893 309 256
8 1732754814.612104893 106 138
9 1732754814.612104893 333 248
10 1732754814.612104893 420 302
11 1732754814.612104893 381 32
12 1732754814.612104893 18 227
13 1732754814.612104893 108 159
14 1732754814.612104893 53 199
0 1732754814.862104893 135 334
1 1732754814.862104893 116 349
2 1732754814.862104893 108 372
3 1732754814.862104893 138 324
4 1732754814.862104893 419 287
5 1732754814.862104893 83 389
6 1732754814.862104893 120 334
7 1732754814.862104893 309 257
8 1732754814.862104893 105 137
9 1732754814.862104893 333 248
10 1732754814.862104893 420 302
11 1732754814.862104893 383 34
12 1732754814.862104893 17 227
13 1732754814.862104893 110 159
14 1732754814.862104893 54 198
0 1732754815.112104893 134 334
1 1732754815.112104893 116 349
2 1732754815.112104893 107 373
3 1732754815.112104893 138 324
4 1732754815.112104893 418 285
5 1732754815.112104893 83 389
6 1732754815.112104893 120 335
7 1732754815.112104893 308 258
8 1732754815.112104893 107 140
9 1732754815.112104893 332 248
10 1732754815.112104893 419 300
11 1732754815.112104893 382 32
12 1732754815.112104893 17 227
13 1732754815.112104893 108 159
14 1732754815.112104893 53 197
0 1732754815.362104893 133 335
1 1732754815.362104893 115 349
2 1732754815.362104893 107 373
3 1732754815.362104893 138 323
4 1732754815.362104893 417 285
5 1732754815.362104893 82 390
6 1732754815.362104893 120 335
7 1732754815.362104893 308 258
8 1732754815.362104893 106 137
9 1732754815.362104893 332 248
10 1732754815.362104893 418 300
11 1732754815.362104893 382 31
12 1732754815.362104893 17 226
13 1732754815.362104893 108 160
14 1732754815.362104893 54 198
0 1732754815.612104893 133 338
1 1732754815.612104893 115 352
2 1732754815.612104893 107 376
3 1732754815.612104893 137 326
4 1732754815.612104893 416 288
5 1732754815.612104893 82 392
6 1732754815.612104893 120 337
7 1732754815.612104893 307 261
8 1732754815.612104893 105 139
9 1732754815.612104893 330 249
10 1732754815.612104893 417 304
11 1732754815.612104893 382 34
12 1732754815.612104893 16 230
13 1732754815.612104893 108 163
14 1732754815.612104893 52 201
0 1732754815.862104893 133 340
1 1732754815.862104893 115 352
2 1732754815.862104893 108 377
3 1732754815.862104893 138 326
4 1732754815.862104893 415 288
5 1732754815.862104893 81 393
6 1732754815.862104893 120 338
7 1732754815.862104893 306 262
8 1732754815.862104893 105 141
9 1732754815.862104893 329 250
10 1732754815.862104893 417 304
11 1732754815.862104893 382 34
12 1732754815.862104893 16 230
13 1732754815.862104893 108 161
14 1732754815.862104893 52 202
0 1732754816.112104893 132 341
1 1732754816.112104893 114 353
2 1732754816.112104893 109 378
3 1732754816.112104893 138 327
4 1732754816.112104893 414 289
5 1732754816.112104893 81 393
6 1732754816.112104893 120 338
7 1732754816.112104893 304 262
8 1732754816.112104893 103 142
9 1732754816.112104893 328 250
10 1732754816.112104893 416 304
11 1732754816.112104893 382 34
12 1732754816.112104893 14 231
13 1732754816.112104893 109 162
14 1732754816.112104893 52 203
0 1732754816.362104893 131 342
1 1732754816.362104893 115 353
2 1732754816.362104893 109 378
3 1732754816.362104893 139 327
4 1732754816.362104893 415 290
5 1732754816.362104893 82 393
6 1732754816.362104893 121 339
7 1732754816.362104893 303 263
8 1732754816.362104893 103 143
9 1732754816.362104893 327 251
10 1732754816.362104893 416 304
11 1732754816.362104893 382 34
12 1732754816.362104893 14 232
13 1732754816.362104893 110 162
14 1732754816.362104893 53 204
0 1732754816.612104893 130 342
1 1732754816.612104893 115 354
2 1732754816.612104893 110 379
3 1732754816.612104893 139 328
4 1732754816.612104893 415 290
5 1732754816.612104893 83 394
6 1732754816.612104893 122 339
7 1732754816.612104893 303 263
8 1732754816.612104893 103 143
9 1732754816.612104893 327 251
10 1732754816.612104893 415 305
11 1732754816.612104893 382 34
12 1732754816.612104893 13 232
13 1732754816.612104893 111 162
14 1732754816.612104893 53 205
0 1732754816.862104893 130 342
1 1732754816.862104893 116 354
2 1732754816.862104893 111 379
3 1732754816.862104893 139 328
4 1732754816.862104893 414 291
5 1732754816.862104893 84 394
6 1732754816.862104893 123 339
7 1732754816.862104893 302 264
8 1732754816.862104893 103 144
9 1732754816.862104893 327 251
10 1732754816.862104893 415 305
11 1732754816.862104893 382 35
12 1732754816.862104893 13 232
13 1732754816.862104893 111 162
14 1732754816.862104893 52 205
0 1732754817.112104893 130 343
1 1732754817.112104893 117 355
2 1732754817.112104893 111 380
3 1732754817.112104893 139 329
4 1732754817.112104893 415 292
5 1732754817.112104893 85 394
6 1732754817.112104893 124 340
7 1732754817.112104893 301 264
8 1732754817.112104893 103 143
9 1732754817.112104893 327 252
10 1732754817.112104893 415 306
11 1732754817.112104893 383 35
12 1732754817.112104893 13 233
13 1732754817.112104893 111 163
14 1732754817.112104893 53 205
0 1732754817.362104893 129 344
1 1732754817.362104893 118 355
2 1732754817.362104893 111 380
3 1732754817.362104893 139 329
4 1732754817.362104893 415 292
5 1732754817.362104893 86 395
6 1732754817.362104893 125 340
7 1732754817.362104893 301 265
8 1732754817.362104893 103 143
9 1732754817.362104893 327 253
10 1732754817.362104893 414 306
11 1732754817.362104893 385 38
12 1732754817.362104893 13 233
13 1732754817.362104893 111 163
14 1732754817.362104893 54 205
0 1732754817.612104893 128 344
1 1732754817.612104893 119 356
2 1732754817.612104893 112 381
3 1732754817.612104893 139 330
4 1732754817.612104893 415 293
5 1732754817.612104893 87 395
6 1732754817.612104893 125 341
7 1732754817.612104893 301 265
8 1732754817.612104893 102 143
9 1732754817.612104893 327 253
10 1732754817.612104893 414 306
11 1732754817.612104893 386 37
12 1732754817.612104893 13 234
13 1732754817.612104893 112 164
14 1732754817.612104893 53 206
0 1732754817.862104893 128 345
1 1732754817.862104893 120 356
2 1732754817.862104893 112 381
3 1732754817.862104893 138 330
4 1732754817.862104893 414 293
5 1732754817.862104893 88 396
6 1732754817.862104893 126 341
7 1732754817.862104893 300 266
8 1732754817.862104893 103 143
9 1732754817.862104893 327 254
10 1732754817.862104893 414 307
11 1732754817.862104893 386 37
12 1732754817.862104893 13 234
13 1732754817.862104893 113 165
14 1732754817.862104893 54 206
0 1732754818.112104893 127 345
1 1732754818.112104893 121 356
2 1732754818.112104893 112 382
3 1732754818.112104893 138 331
4 1732754818.112104893 414 293
5 1732754818.112104893 89 396
6 1732754818.112104893 126 341
7 1732754818.112104893 299 267
8 1732754818.112104893 102 143
9 1732754818.112104893 326 254
10 1732754818.112104893 414 307
11 1732754818.112104893 387 39
12 1732754818.112104893 12 233
13 1732754818.112104893 113 165
14 1732754818.112104893 54 206
0 1732754818.362104893 127 346
1 1732754818.362104893 121 357
2 1732754818.362104893 112 382
3 1732754818.362104893 138 331
4 1732754818.362104893 414 294
5 1732754818.362104893 90 397
6 1732754818.362104893 127 342
7 1732754818.362104893 298 268
8 1732754818.362104893 103 143
9 1732754818.362104893 325 254
10 1732754818.362104893 414 307
11 1732754818.362104893 387 38
12 1732754818.362104893 11 234
13 1732754818.362104893 113 165
14 1732754818.362104893 54 206
0 1732754818.612104893 126 346
1 1732754818.612104893 122 357
2 1732754818.612104893 112 382
3 1732754818.612104893 137 332
4 1732754818.612104893 414 295
5 1732754818.612104893 91 397
6 1732754818.612104893 127 342
7 1732754818.612104893 297 268
8 1732754818.612104893 101 142
9 1732754818.612104893 324 254
10 1732754818.612104893 414 308
11 1732754818.612104893 386 37
12 1732754818.612104893 11 233
13 1732754818.612104893 115 167
14 1732754818.612104893 54 204
0 1732754818.862104893 125 347
1 1732754818.862104893 122 357
2 1732754818.862104893 112 383
3 1732754818.862104893 137 332
4 1732754818.862104893 413 295
5 1732754818.862104893 91 397
6 1732754818.862104893 127 342
7 1732754818.862104893 297 269
8 1732754818.862104893 100 143
9 1732754818.862104893 324 254
10 1732754818.862104893 413 307
11 1732754818.862104893 386 39
12 1732754818.862104893 10 232
13 1732754818.862104893 116 168
14 1732754818.862104893 53 204
0 1732754819.112104893 125 348
1 1732754819.112104893 123 357
2 1732754819.112104893 112 383
3 1732754819.112104893 137 333
4 1732754819.112104893 413 295
5 1732754819.112104893 92 398
6 1732754819.112104893 127 342
7 1732754819.112104893 296 269
8 1732754819.112104893 100 142
9 1732754819.112104893 324 255
10 1732754819.112104893 414 307
11 1732754819.112104893 387 38
12 1732754819.112104893 12 235
13 1732754819.112104893 116 168
14 1732754819.112104893 54 204
0 1732754819.362104893 124 348
1 1732754819.362104893 124 358
2 1732754819.362104893 112 383
3 1732754819.362104893 136 333
4 1732754819.362104893 414 296
5 1732754819.362104893 91 398
6 1732754819.362104893 127 342
7 1732754819.362104893 295 270
8 1732754819.362104893 99 142
9 1732754819.362104893 324 255
10 1732754819.362104893 414 308
11 1732754819.362104893 387 35
12 1732754819.362104893 11 237
13 1732754819.362104893 117 168
14 1732754819.362104893 55 205
0 1732754819.612104893 123 351
1 1732754819.612104893 124 360
2 1732754819.612104893 109 384
3 1732754819.612104893 134 334
4 1732754819.612104893 413 299
5 1732754819.612104893 92 401
6 1732754819.612104893 127 346
7 1732754819.612104893 294 271
8 1732754819.612104893 98 144
9 1732754819.612104893 323 258
10 1732754819.612104893 414 312
11 1732754819.612104893 387 37
12 1732754819.612104893 11 240
13 1732754819.612104893 117 172
14 1732754819.612104893 54 207
0 1732754819.862104893 124 352
1 1732754819.862104893 124 360
2 1732754819.862104893 109 384
3 1732754819.862104893 133 334
4 1732754819.862104893 413 299
5 1732754819.862104893 92 401
6 1732754819.862104893 127 346
7 1732754819.862104893 293 272
8 1732754819.862104893 98 145
9 1732754819.862104893 324 259
10 1732754819.862104893 413 312
11 1732754819.862104893 386 37
12 1732754819.862104893 10 241
13 1732754819.862104893 118 171
14 1732754819.862104893 55 208
0 1732754820.112104893 121 353
1 1732754820.112104893 123 361
2 1732754820.112104893 106 386
3 1732754820.112104893 130 334
4 1732754820.112104893 413 301
5 1732754820.112104893 90 403
6 1732754820.112104893 124 350
7 1732754820.112104893 291 275
8 1732754820.112104893 97 148
9 1732754820.112104893 324 262
10 1732754820.112104893 414 316
11 1732754820.112104893 386 38
12 1732754820.112104893 10 244
13 1732754820.112104893 119 175
14 1732754820.112104893 54 211
0 1732754820.362104893 120 354
1 1732754820.362104893 123 361
2 1732754820.362104893 105 387
3 1732754820.362104893 129 335
4 1732754820.362104893 412 301
5 1732754820.362104893 89 405
6 1732754820.362104893 124 351
7 1732754820.362104893 290 276
8 1732754820.362104893 97 151
9 1732754820.362104893 323 261
10 1732754820.362104893 413 317
11 1732754820.362104893 386 37
12 1732754820.362104893 9 245
13 1732754820.362104893 120 173
14 1732754820.362104893 52 211
0 1732754820.612104893 120 354
1 1732754820.612104893 125 362
2 1732754820.612104893 104 387
3 1732754820.612104893 129 337
4 1732754820.612104893 413 301
5 1732754820.612104893 89 406
6 1732754820.612104893 124 352
7 1732754820.612104893 290 277
8 1732754820.612104893 96 152
9 1732754820.612104893 324 261
10 1732754820.612104893 413 318
11 1732754820.612104893 386 37
12 1732754820.612104893 10 246
13 1732754820.612104893 121 173
14 1732754820.612104893 52 212
0 1732754820.862104893 119 356
1 1732754820.862104893 123 365
2 1732754820.862104893 104 391
3 1732754820.862104893 128 338
4 1732754820.862104893 413 303
5 1732754820.862104893 89 409
6 1732754820.862104893 124 354
7 1732754820.862104893 289 280
8 1732754820.862104893 96 153
9 1732754820.862104893 322 263
10 1732754820.862104893 412 320
11 1732754820.862104893 385 39
12 1732754820.862104893 9 248
13 1732754820.862104893 119 176
14 1732754820.862104893 50 214
0 1732754821.112104893 119 357
1 1732754821.112104893 124 365
2 1732754821.112104893 104 390
3 1732754821.112104893 127 339
4 1732754821.112104893 412 304
5 1732754821.112104893 89 411
6 1732754821.112104893 124 353
7 1732754821.112104893 289 279
8 1732754821.112104893 94 153
9 1732754821.112104893 321 263
10 1732754821.112104893 410 319
11 1732754821.112104893 385 39
12 1732754821.112104893 8 249
13 1732754821.112104893 119 175
14 1732754821.112104893 50 214
0 1732754821.362104893 119 357
1 1732754821.362104893 125 365
2 1732754821.362104893 104 390
3 1732754821.362104893 126 339
4 1732754821.362104893 411 304
5 1732754821.362104893 90 412
6 1732754821.362104893 125 353
7 1732754821.362104893 288 278
8 1732754821.362104893 93 154
9 1732754821.362104893 322 264
10 1732754821.362104893 411 319
11 1732754821.362104893 385 39
12 1732754821.362104893 7 248
13 1732754821.362104893 119 175
14 1732754821.362104893 49 213
0 1732754821.612104893 120 358
1 1732754821.612104893 126 365
2 1732754821.612104893 104 390
3 1732754821.612104893 125 340
4 1732754821.612104893 411 305
5 1732754821.612104893 90 413
6 1732754821.612104893 126 354
7 1732754821.612104893 287 278
8 1732754821.612104893 92 156
9 1732754821.612104893 322 264
10 1732754821.612104893 411 320
11 1732754821.612104893 386 38
12 1732754821.612104893 7 248
13 1732754821.612104893 118 174
14 1732754821.612104893 51 213
0 1732754821.862104893 120 359
1 1732754821.862104893 126 366
2 1732754821.862104893 104 390
3 1732754821.862104893 125 340
4 1732754821.862104893 412 305
5 1732754821.862104893 90 414
6 1732754821.862104893 127 354
7 1732754821.862104893 287 278
8 1732754821.862104893 93 157
9 1732754821.862104893 321 264
10 1732754821.862104893 411 319
11 1732754821.862104893 386 37
12 1732754821.862104893 8 249
13 1732754821.862104893 119 174
14 1732754821.862104893 50 213
0 1732754822.112104893 121 360
1 1732754822.112104893 127 366
2 1732754822.112104893 104 390
3 1732754822.112104893 126 340
4 1732754822.112104893 413 306
5 1732754822.112104893 91 415
6 1732754822.112104893 128 355
7 1732754822.112104893 286 278
8 1732754822.112104893 94 159
9 1732754822.112104893 322 265
10 1732754822.112104893 413 319
11 1732754822.112104893 386 38
12 1732754822.112104893 7 249
13 1732754822.112104893 118 174
14 1732754822.112104893 50 214
0 1732754822.362104893 122 360
1 1732754822.362104893 127 366
2 1732754822.362104893 104 390
3 1732754822.362104893 126 341
4 1732754822.362104893 414 306
5 1732754822.362104893 91 416
6 1732754822.362104893 129 356
7 1732754822.362104893 285 278
8 1732754822.362104893 95 159
9 1732754822.362104893 322 264
10 1732754822.362104893 413 319
11 1732754822.362104893 387 36
12 1732754822.362104893 6 249
13 1732754822.362104893 119 175
14 1732754822.362104893 51 213
0 1732754822.612104893 122 361
1 1732754822.612104893 127 367
2 1732754822.612104893 104 390
3 1732754822.612104893 127 342
4 1732754822.612104893 414 307
5 1732754822.612104893 91 416
6 1732754822.612104893 130 356
7 1732754822.612104893 285 279
8 1732754822.612104893 96 160
9 1732754822.612104893 322 264
10 1732754822.612104893 415 320
11 1732754822.612104893 388 36
12 1732754822.612104893 7 249
13 1732754822.612104893 119 174
14 1732754822.612104893 51 212
0 1732754822.862104893 123 362
1 1732754822.862104893 128 367
2 1732754822.862104893 104 390
3 1732754822.862104893 127 342
4 1732754822.862104893 416 308
5 1732754822.862104893 92 417
6 1732754822.862104893 131 357
7 1732754822.862104893 284 279
8 1732754822.862104893 96 160
9 1732754822.862104893 322 264
10 1732754822.862104893 415 320
11 1732754822.862104893 388 36
12 1732754822.862104893 6 250
13 1732754822.862104893 118 175
14 1732754822.862104893 51 213
0 1732754823.112104893 119 361
1 1732754823.112104893 125 366
2 1732754823.112104893 104 393
3 1732754823.112104893 125 344
4 1732754823.112104893 416 309
5 1732754823.112104893 90 415
6 1732754823.112104893 129 358
7 1732754823.112104893 284 282
8 1732754823.112104893 92 160
9 1732754823.112104893 321 268
10 1732754823.112104893 415 323
11 1732754823.112104893 387 39
12 1732754823.112104893 5 252
13 1732754823.112104893 117 178
14 1732754823.112104893 50 215
0 1732754823.362104893 119 362
1 1732754823.362104893 125 367
2 1732754823.362104893 105 392
3 1732754823.362104893 126 346
4 1732754823.362104893 415 311
5 1732754823.362104893 88 419
6 1732754823.362104893 129 358
7 1732754823.362104893 281 283
8 1732754823.362104893 93 161
9 1732754823.362104893 321 268
10 1732754823.362104893 415 323
11 1732754823.362104893 386 39
12 1732754823.362104893 5 252
13 1732754823.362104893 118 177
14 1732754823.362104893 50 217
0 1732754823.612104893 119 363
1 1732754823.612104893 126 368
2 1732754823.612104893 105 392
3 1732754823.612104893 126 346
4 1732754823.612104893 416 312
5 1732754823.612104893 87 422
6 1732754823.612104893 129 358
7 1732754823.612104893 280 284
8 1732754823.612104893 94 162
9 1732754823.612104893 321 269
10 1732754823.612104893 415 324
11 1732754823.612104893 386 39
12 1732754823.612104893 6 253
13 1732754823.612104893 120 177
14 1732754823.612104893 51 218
0 1732754823.862104893 119 365
1 1732754823.862104893 126 368
2 1732754823.862104893 105 392
3 1732754823.862104893 127 346
4 1732754823.862104893 416 313
5 1732754823.862104893 87 423
6 1732754823.862104893 130 358
7 1732754823.862104893 281 284
8 1732754823.862104893 95 163
9 1732754823.862104893 321 269
10 1732754823.862104893 416 325
11 1732754823.862104893 386 39
12 1732754823.862104893 5 253
13 1732754823.862104893 121 177
14 1732754823.862104893 52 219
0 1732754824.112104893 119 365
1 1732754824.112104893 127 368
2 1732754824.112104893 106 392
3 1732754824.112104893 127 346
4 1732754824.112104893 417 313
5 1732754824.112104893 87 425
6 1732754824.112104893 130 357
7 1732754824.112104893 280 285
8 1732754824.112104893 96 163
9 1732754824.112104893 322 270
10 1732754824.112104893 416 325
11 1732754824.112104893 386 40
12 1732754824.112104893 6 254
13 1732754824.112104893 121 178
14 1732754824.112104893 52 220
0 1732754824.362104893 119 367
1 1732754824.362104893 128 368
2 1732754824.362104893 106 393
3 1732754824.362104893 127 347
4 1732754824.362104893 419 314
5 1732754824.362104893 87 426
6 1732754824.362104893 131 357
7 1732754824.362104893 280 287
8 1732754824.362104893 97 164
9 1732754824.362104893 322 271
10 1732754824.362104893 416 325
11 1732754824.362104893 386 40
12 1732754824.362104893 6 255
13 1732754824.362104893 121 179
14 1732754824.362104893 52 221
0 1732754824.612104893 119 368
1 1732754824.612104893 128 368
2 1732754824.612104893 106 393
3 1732754824.612104893 127 347
4 1732754824.612104893 421 316
5 1732754824.612104893 87 427
6 1732754824.612104893 132 357
7 1732754824.612104893 280 287
8 1732754824.612104893 99 164
9 1732754824.612104893 323 272
10 1732754824.612104893 416 326
11 1732754824.612104893 386 40
12 1732754824.612104893 7 256
13 1732754824.612104893 121 180
14 1732754824.612104893 53 219
0 1732754824.862104893 119 369
1 1732754824.862104893 129 368
2 1732754824.862104893 106 393
3 1732754824.862104893 126 348
4 1732754824.862104893 421 317
5 1732754824.862104893 86 427
6 1732754824.862104893 132 357
7 1732754824.862104893 279 288
8 1732754824.862104893 99 165
9 1732754824.862104893 324 273
10 1732754824.862104893 416 326
11 1732754824.862104893 386 41
12 1732754824.862104893 8 256
13 1732754824.862104893 122 180
14 1732754824.862104893 53 221
0 1732754825.112104893 119 370
1 1732754825.112104893 130 369
2 1732754825.112104893 106 393
3 1732754825.112104893 126 348
4 1732754825.112104893 420 320
5 1732754825.112104893 86 428
6 1732754825.112104893 132 357
7 1732754825.112104893 279 289
8 1732754825.112104893 99 165
9 1732754825.112104893 324 272
10 1732754825.112104893 416 325
11 1732754825.112104893 386 41
12 1732754825.112104893 8 256
13 1732754825.112104893 123 180
14 1732754825.112104893 53 219
0 1732754825.362104893 119 371
1 1732754825.362104893 130 369
2 1732754825.362104893 106 394
3 1732754825.362104893 126 349
4 1732754825.362104893 420 321
5 1732754825.362104893 86 428
6 1732754825.362104893 133 357
7 1732754825.362104893 278 289
8 1732754825.362104893 100 164
9 1732754825.362104893 322 270
10 1732754825.362104893 416 325
11 1732754825.362104893 387 41
12 1732754825.362104893 9 258
13 1732754825.362104893 123 180
14 1732754825.362104893 53 218
0 1732754825.612104893 118 372
1 1732754825.612104893 127 368
2 1732754825.612104893 105 394
3 1732754825.612104893 125 351
4 1732754825.612104893 419 324
5 1732754825.612104893 85 429
6 1732754825.612104893 133 358
7 1732754825.612104893 280 294
8 1732754825.612104893 99 165
9 1732754825.612104893 323 273
10 1732754825.612104893 416 328
11 1732754825.612104893 386 43
12 1732754825.612104893 9 262
13 1732754825.612104893 122 182
14 1732754825.612104893 52 222
0 1732754825.862104893 116 372
1 1732754825.862104893 127 369
2 1732754825.862104893 104 395
3 1732754825.862104893 125 351
4 1732754825.862104893 417 324
5 1732754825.862104893 86 430
6 1732754825.862104893 132 359
7 1732754825.862104893 278 294
8 1732754825.862104893 99 166
9 1732754825.862104893 323 274
10 1732754825.862104893 415 329
11 1732754825.862104893 386 42
12 1732754825.862104893 9 262
13 1732754825.862104893 123 182
14 1732754825.862104893 52 223
0 1732754826.112104893 115 374
1 1732754826.112104893 128 370
2 1732754826.112104893 104 396
3 1732754826.112104893 126 351
4 1732754826.112104893 417 325
5 1732754826.112104893 87 431
6 1732754826.112104893 132 359
7 1732754826.112104893 278 295
8 1732754826.112104893 101 166
9 1732754826.112104893 323 275
10 1732754826.112104893 414 330
11 1732754826.112104893 385 42
12 1732754826.112104893 11 264
13 1732754826.112104893 124 181
14 1732754826.112104893 53 222
0 1732754826.362104893 115 374
1 1732754826.362104893 128 370
2 1732754826.362104893 105 396
3 1732754826.362104893 127 352
4 1732754826.362104893 418 325
5 1732754826.362104893 88 432
6 1732754826.362104893 132 359
7 1732754826.362104893 278 295
8 1732754826.362104893 102 167
9 1732754826.362104893 323 276
10 1732754826.362104893 414 328
11 1732754826.362104893 386 42
12 1732754826.362104893 11 264
13 1732754826.362104893 125 180
14 1732754826.362104893 52 222
0 1732754826.612104893 115 375
1 1732754826.612104893 128 370
2 1732754826.612104893 105 396
3 1732754826.612104893 128 353
4 1732754826.612104893 421 326
5 1732754826.612104893 89 433
6 1732754826.612104893 132 359
7 1732754826.612104893 278 296
8 1732754826.612104893 103 168
9 1732754826.612104893 323 277
10 1732754826.612104893 416 329
11 1732754826.612104893 387 42
12 1732754826.612104893 11 265
13 1732754826.612104893 125 181
14 1732754826.612104893 53 223
0 1732754826.862104893 115 375
1 1732754826.862104893 129 370
2 1732754826.862104893 105 396
3 1732754826.862104893 129 353
4 1732754826.862104893 421 327
5 1732754826.862104893 89 433
6 1732754826.862104893 133 359
7 1732754826.862104893 277 296
8 1732754826.862104893 104 168
9 1732754826.862104893 322 278
10 1732754826.862104893 417 330
11 1732754826.862104893 387 43
12 1732754826.862104893 13 267
13 1732754826.862104893 126 181
14 1732754826.862104893 54 223
0 1732754827.112104893 116 376
1 1732754827.112104893 129 370
2 1732754827.112104893 105 397
3 1732754827.112104893 130 354
4 1732754827.112104893 421 329
5 1732754827.112104893 90 434
6 1732754827.112104893 134 359
7 1732754827.112104893 277 296
8 1732754827.112104893 105 169
9 1732754827.112104893 322 279
10 1732754827.112104893 417 330
11 1732754827.112104893 388 43
12 1732754827.112104893 14 268
13 1732754827.112104893 126 182
14 1732754827.112104893 54 222
0 1732754827.362104893 116 377
1 1732754827.362104893 124 369
2 1732754827.362104893 106 397
3 1732754827.362104893 128 356
4 1732754827.362104893 421 332
5 1732754827.362104893 90 437
6 1732754827.362104893 133 361
7 1732754827.362104893 276 298
8 1732754827.362104893 102 170
9 1732754827.362104893 321 280
10 1732754827.362104893 417 333
11 1732754827.362104893 387 44
12 1732754827.362104893 13 271
13 1732754827.362104893 125 184
14 1732754827.362104893 55 226
0 1732754827.612104893 115 382
1 1732754827.612104893 123 371
2 1732754827.612104893 108 402
3 1732754827.612104893 127 360
4 1732754827.612104893 421 335
5 1732754827.612104893 90 441
6 1732754827.612104893 132 364
7 1732754827.612104893 275 301
8 1732754827.612104893 102 171
9 1732754827.612104893 320 282
10 1732754827.612104893 416 336
11 1732754827.612104893 386 47
12 1732754827.612104893 12 275
13 1732754827.612104893 124 187
14 1732754827.612104893 54 229
0 1732754827.862104893 115 382
1 1732754827.862104893 122 372
2 1732754827.862104893 109 403
3 1732754827.862104893 126 360
4 1732754827.862104893 420 336
5 1732754827.862104893 91 442
6 1732754827.862104893 132 365
7 1732754827.862104893 275 302
8 1732754827.862104893 102 172
9 1732754827.862104893 319 282
10 1732754827.862104893 416 336
11 1732754827.862104893 386 47
12 1732754827.862104893 13 275
13 1732754827.862104893 124 186
14 1732754827.862104893 55 230
0 1732754828.112104893 114 382
1 1732754828.112104893 121 372
2 1732754828.112104893 110 405
3 1732754828.112104893 126 360
4 1732754828.112104893 420 337
5 1732754828.112104893 90 443
6 1732754828.112104893 132 365
7 1732754828.112104893 274 302
8 1732754828.112104893 101 173
9 1732754828.112104893 319 282
10 1732754828.112104893 415 336
11 1732754828.112104893 384 47
12 1732754828.112104893 13 276
13 1732754828.112104893 123 186
14 1732754828.112104893 55 232
0 1732754828.362104893 114 383
1 1732754828.362104893 121 372
2 1732754828.362104893 111 406
3 1732754828.362104893 126 360
4 1732754828.362104893 421 337
5 1732754828.362104893 89 444
6 1732754828.362104893 132 365
7 1732754828.362104893 273 302
8 1732754828.362104893 102 174
9 1732754828.362104893 319 283
10 1732754828.362104893 415 336
11 1732754828.362104893 384 46
12 1732754828.362104893 14 276
13 1732754828.362104893 123 186
14 1732754828.362104893 57 232
0 1732754828.612104893 114 383
1 1732754828.612104893 121 372
2 1732754828.612104893 110 407
3 1732754828.612104893 125 360
4 1732754828.612104893 422 337
5 1732754828.612104893 90 444
6 1732754828.612104893 132 365
7 1732754828.612104893 272 302
8 1732754828.612104893 102 174
9 1732754828.612104893 319 282
10 1732754828.612104893 415 335
11 1732754828.612104893 385 46
12 1732754828.612104893 14 277
13 1732754828.612104893 122 186
14 1732754828.612104893 57 233
0 1732754828.862104893 113 384
1 1732754828.862104893 121 372
2 1732754828.862104893 110 407
3 1732754828.862104893 125 360
4 1732754828.862104893 422 338
5 1732754828.862104893 90 445
6 1732754828.862104893 133 365
7 1732754828.862104893 272 303
8 1732754828.862104893 103 174
9 1732754828.862104893 318 280
10 1732754828.862104893 415 335
11 1732754828.862104893 384 45
12 1732754828.862104893 13 277
13 1732754828.862104893 123 186
14 1732754828.862104893 58 233
0 1732754829.112104893 112 386
1 1732754829.112104893 120 374
2 1732754829.112104893 108 410
3 1732754829.112104893 123 362
4 1732754829.112104893 421 340
5 1732754829.112104893 89 447
6 1732754829.112104893 132 367
7 1732754829.112104893 272 305
8 1732754829.112104893 98 171
9 1732754829.112104893 317 283
10 1732754829.112104893 413 337
11 1732754829.112104893 384 48
12 1732754829.112104893 13 280
13 1732754829.112104893 121 188
14 1732754829.112104893 56 236
0 1732754829.362104893 111 386
1 1732754829.362104893 117 372
2 1732754829.362104893 107 408
3 1732754829.362104893 121 362
4 1732754829.362104893 422 340
5 1732754829.362104893 89 446
6 1732754829.362104893 131 367
7 1732754829.362104893 272 305
8 1732754829.362104893 97 171
9 1732754829.362104893 315 283
10 1732754829.362104893 412 337
11 1732754829.362104893 383 47
12 1732754829.362104893 12 280
13 1732754829.362104893 120 187
14 1732754829.362104893 55 237
0 1732754829.612104893 111 385
1 1732754829.612104893 115 372
2 1732754829.612104893 108 408
3 1732754829.612104893 119 361
4 1732754829.612104893 422 341
5 1732754829.612104893 89 446
6 1732754829.612104893 131 368
7 1732754829.612104893 273 305
8 1732754829.612104893 98 172
9 1732754829.612104893 315 283
10 1732754829.612104893 412 338
11 1732754829.612104893 384 47
12 1732754829.612104893 10 280
13 1732754829.612104893 119 187
14 1732754829.612104893 57 238
0 1732754829.862104893 110 385
1 1732754829.862104893 115 371
2 1732754829.862104893 108 410
3 1732754829.862104893 119 361
4 1732754829.862104893 424 342
5 1732754829.862104893 88 446
6 1732754829.862104893 131 368
7 1732754829.862104893 274 305
8 1732754829.862104893 98 174
9 1732754829.862104893 314 283
10 1732754829.862104893 411 338
11 1732754829.862104893 384 46
12 1732754829.862104893 10 279
13 1732754829.862104893 118 187
14 1732754829.862104893 57 238
0 1732754830.112104893 110 387
1 1732754830.112104893 114 371
2 1732754830.112104893 108 409
3 1732754830.112104893 118 361
4 1732754830.112104893 426 342
5 1732754830.112104893 89 445
6 1732754830.112104893 132 368
7 1732754830.112104893 274 305
8 1732754830.112104893 100 174
9 1732754830.112104893 314 283
10 1732754830.112104893 412 338
11 1732754830.112104893 384 45
12 1732754830.112104893 11 280
13 1732754830.112104893 118 187
14 1732754830.112104893 57 238
0 1732754830.362104893 110 390
1 1732754830.362104893 114 374
2 1732754830.362104893 107 412
3 1732754830.362104893 119 364
4 1732754830.362104893 425 345
5 1732754830.362104893 88 447
6 1732754830.362104893 132 370
7 1732754830.362104893 274 308
8 1732754830.362104893 99 173
9 1732754830.362104893 314 286
10 1732754830.362104893 412 341
11 1732754830.362104893 383 47
12 1732754830.362104893 10 283
13 1732754830.362104893 117 187
14 1732754830.362104893 57 243
0 1732754830.612104893 110 391
1 1732754830.612104893 114 375
2 1732754830.612104893 109 413
3 1732754830.612104893 119 363
4 1732754830.612104893 426 345
5 1732754830.612104893 89 448
6 1732754830.612104893 132 370
7 1732754830.612104893 274 308
8 1732754830.612104893 97 176
9 1732754830.612104893 314 287
10 1732754830.612104893 413 341
11 1732754830.612104893 382 47
12 1732754830.612104893 11 285
13 1732754830.612104893 118 188
14 1732754830.612104893 57 243
0 1732754830.862104893 111 392
1 1732754830.862104893 115 375
2 1732754830.862104893 109 414
3 1732754830.862104893 119 364
4 1732754830.862104893 427 345
5 1732754830.862104893 88 449
6 1732754830.862104893 131 371
7 1732754830.862104893 274 308
8 1732754830.862104893 98 178
9 1732754830.862104893 314 287
10 1732754830.862104893 413 342
11 1732754830.862104893 381 47
12 1732754830.862104893 12 286
13 1732754830.862104893 119 190
14 1732754830.862104893 58 245
0 1732754831.112104893 111 393
1 1732754831.112104893 115 375
2 1732754831.112104893 109 416
3 1732754831.112104893 119 365
4 1732754831.112104893 428 346
5 1732754831.112104893 88 450
6 1732754831.112104893 132 372
7 1732754831.112104893 274 308
8 1732754831.112104893 99 179
9 1732754831.112104893 314 287
10 1732754831.112104893 413 342
11 1732754831.112104893 382 47
12 1732754831.112104893 13 288
13 1732754831.112104893 119 190
14 1732754831.112104893 59 245
0 1732754831.362104893 109 394
1 1732754831.362104893 114 378
2 1732754831.362104893 107 418
3 1732754831.362104893 118 366
4 1732754831.362104893 426 347
5 1732754831.362104893 86 451
6 1732754831.362104893 132 376
7 1732754831.362104893 273 311
8 1732754831.362104893 95 177
9 1732754831.362104893 313 289
10 1732754831.362104893 411 342
11 1732754831.362104893 382 51
12 1732754831.362104893 11 288
13 1732754831.362104893 116 190
14 1732754831.362104893 59 249
0 1732754831.612104893 110 396
1 1732754831.612104893 114 380
2 1732754831.612104893 107 419
3 1732754831.612104893 118 368
4 1732754831.612104893 426 348
5 1732754831.612104893 85 452
6 1732754831.612104893 133 376
7 1732754831.612104893 271 311
8 1732754831.612104893 95 179
9 1732754831.612104893 313 289
10 1732754831.612104893 411 343
11 1732754831.612104893 382 51
12 1732754831.612104893 11 291
13 1732754831.612104893 116 193
14 1732754831.612104893 60 250
0 1732754831.862104893 110 397
1 1732754831.862104893 114 380
2 1732754831.862104893 107 420
3 1732754831.862104893 117 369
4 1732754831.862104893 426 349
5 1732754831.862104893 85 453
6 1732754831.862104893 133 377
7 1732754831.862104893 270 311
8 1732754831.862104893 95 181
9 1732754831.862104893 313 290
10 1732754831.862104893 412 344
11 1732754831.862104893 382 51
12 1732754831.862104893 12 293
13 1732754831.862104893 116 194
14 1732754831.862104893 60 252
