0 1732754804.362104893 146 277
1 1732754804.362104893 119 325
2 1732754804.362104893 109 342
3 1732754804.362104893 134 293
4 1732754804.362104893 416 282
5 1732754804.362104893 97 364
6 1732754804.362104893 126 311
7 1732754804.362104893 312 251
8 1732754804.362104893 107 131
9 1732754804.362104893 344 251
10 1732754804.362104893 419 301
11 1732754804.362104893 382 29
12 1732754804.362104893 16 218
13 1732754804.362104893 102 154
14 1732754804.362104893 52 187
0 1732754804.612104893 146 276
1 1732754804.612104893 119 324
2 1732754804.612104893 109 341
3 1732754804.612104893 134 292
4 1732754804.612104893 416 281
5 1732754804.612104893 97 363
6 1732754804.612104893 126 310
7 1732754804.612104893 312 250
8 1732754804.612104893 107 130
9 1732754804.612104893 343 250
10 1732754804.612104893 419 300
11 1732754804.612104893 382 28
12 1732754804.612104893 16 217
13 1732754804.612104893 102 153
14 1732754804.612104893 52 186
0 1732754804.862104893 146 276
1 1732754804.862104893 120 323
2 1732754804.862104893 109 340
3 1732754804.862104893 135 291
4 1732754804.862104893 418 281
5 1732754804.862104893 97 363
6 1732754804.862104893 127 311
7 1732754804.862104893 312 250
8 1732754804.862104893 107 129
9 1732754804.862104893 344 250
10 1732754804.862104893 421 301
11 1732754804.862104893 383 28
12 1732754804.862104893 18 217
13 1732754804.862104893 102 153
14 1732754804.862104893 53 185
0 1732754805.112104893 147 276
1 1732754805.112104893 120 322
2 1732754805.112104893 110 339
3 1732754805.112104893 137 290
4 1732754805.112104893 421 279
5 1732754805.112104893 98 363
6 1732754805.112104893 128 310
7 1732754805.112104893 312 249
8 1732754805.112104893 107 128
9 1732754805.112104893 344 249
10 1732754805.112104893 424 302
11 1732754805.112104893 384 27
12 1732754805.112104893 19 216
13 1732754805.112104893 103 153
14 1732754805.112104893 54 184
0 1732754805.362104893 144 279
1 1732754805.362104893 117 323
2 1732754805.362104893 110 341
3 1732754805.362104893 135 292
4 1732754805.362104893 419 282
5 1732754805.362104893 95 366
6 1732754805.362104893 127 312
7 1732754805.362104893 312 251
8 1732754805.362104893 106 128
9 1732754805.362104893 343 251
10 1732754805.362104893 425 306
11 1732754805.362104893 384 29
12 1732754805.362104893 19 219
13 1732754805.362104893 97 156
14 1732754805.362104893 50 187
0 1732754805.612104893 144 284
1 1732754805.612104893 118 327
2 1732754805.612104893 112 344
3 1732754805.612104893 136 298
4 1732754805.612104893 419 282
5 1732754805.612104893 94 373
6 1732754805.612104893 128 318
7 1732754805.612104893 312 251
8 1732754805.612104893 105 132
9 1732754805.612104893 342 250
10 1732754805.612104893 425 306
11 1732754805.612104893 384 30
12 1732754805.612104893 19 220
13 1732754805.612104893 95 157
14 1732754805.612104893 48 187
0 1732754805.862104893 144 286
1 1732754805.862104893 119 329
2 1732754805.862104893 113 345
3 1732754805.862104893 137 301
4 1732754805.862104893 419 283
5 1732754805.862104893 94 375
6 1732754805.862104893 129 319
7 1732754805.862104893 312 251
8 1732754805.862104893 106 134
9 1732754805.862104893 341 250
10 1732754805.862104893 425 305
11 1732754805.862104893 383 29
12 1732754805.862104893 18 220
13 1732754805.862104893 93 156
14 1732754805.862104893 48 188
0 1732754806.112104893 144 286
1 1732754806.112104893 120 332
2 1732754806.112104893 115 345
3 1732754806.112104893 139 304
4 1732754806.112104893 419 283
5 1732754806.112104893 95 377
6 1732754806.112104893 128 319
7 1732754806.112104893 313 251
8 1732754806.112104893 106 133
9 1732754806.112104893 340 250
10 1732754806.112104893 425 305
11 1732754806.112104893 382 29
12 1732754806.112104893 19 220
13 1732754806.112104893 94 156
14 1732754806.112104893 48 189
0 1732754806.362104893 143 288
1 1732754806.362104893 120 333
2 1732754806.362104893 114 344
3 1732754806.362104893 137 305
4 1732754806.362104893 420 283
5 1732754806.362104893 95 381
6 1732754806.362104893 127 319
7 1732754806.362104893 313 252
8 1732754806.362104893 106 133
9 1732754806.362104893 340 249
10 1732754806.362104893 426 306
11 1732754806.362104893 381 29
12 1732754806.362104893 20 221
13 1732754806.362104893 94 155
14 1732754806.362104893 49 188
0 1732754806.612104893 144 289
1 1732754806.612104893 121 333
2 1732754806.612104893 115 344
3 1732754806.612104893 137 306
4 1732754806.612104893 420 283
5 1732754806.612104893 94 379
6 1732754806.612104893 128 319
7 1732754806.612104893 313 252
8 1732754806.612104893 105 134
9 1732754806.612104893 339 250
10 1732754806.612104893 427 307
11 1732754806.612104893 381 28
12 1732754806.612104893 19 220
13 1732754806.612104893 94 154
14 1732754806.612104893 49 188
0 1732754806.862104893 143 289
1 1732754806.862104893 122 335
2 1732754806.862104893 115 345
3 1732754806.862104893 137 307
4 1732754806.862104893 420 284
5 1732754806.862104893 94 379
6 1732754806.862104893 128 318
7 1732754806.862104893 313 252
8 1732754806.862104893 105 133
9 1732754806.862104893 339 249
10 1732754806.862104893 428 307
11 1732754806.862104893 380 28
12 1732754806.862104893 19 220
13 1732754806.862104893 96 153
14 1732754806.862104893 50 188
0 1732754807.112104893 143 290
1 1732754807.112104893 123 334
2 1732754807.112104893 116 346
3 1732754807.112104893 138 307
4 1732754807.112104893 420 283
5 1732754807.112104893 95 379
6 1732754807.112104893 129 319
7 1732754807.112104893 313 254
8 1732754807.112104893 104 132
9 1732754807.112104893 339 249
10 1732754807.112104893 429 307
11 1732754807.112104893 380 28
12 1732754807.112104893 19 220
13 1732754807.112104893 96 153
14 1732754807.112104893 50 186
0 1732754807.362104893 143 290
1 1732754807.362104893 123 335
2 1732754807.362104893 117 346
3 1732754807.362104893 137 307
4 1732754807.362104893 420 283
5 1732754807.362104893 96 381
6 1732754807.362104893 129 320
7 1732754807.362104893 312 255
8 1732754807.362104893 105 132
9 1732754807.362104893 338 250
10 1732754807.362104893 430 308
11 1732754807.362104893 379 28
12 1732754807.362104893 19 221
13 1732754807.362104893 97 152
14 1732754807.362104893 50 187
0 1732754807.612104893 143 291
1 1732754807.612104893 121 333
2 1732754807.612104893 116 346
3 1732754807.612104893 138 307
4 1732754807.612104893 420 283
5 1732754807.612104893 95 380
6 1732754807.612104893 129 320
7 1732754807.612104893 312 256
8 1732754807.612104893 103 132
9 1732754807.612104893 337 251
10 1732754807.612104893 430 308
11 1732754807.612104893 378 27
12 1732754807.612104893 19 220
13 1732754807.612104893 97 151
14 1732754807.612104893 50 186
0 1732754807.862104893 142 290
1 1732754807.862104893 122 332
2 1732754807.862104893 117 349
3 1732754807.862104893 138 311
4 1732754807.862104893 421 282
5 1732754807.862104893 95 382
6 1732754807.862104893 130 321
7 1732754807.862104893 312 257
8 1732754807.862104893 105 132
9 1732754807.862104893 337 251
10 1732754807.862104893 430 309
11 1732754807.862104893 377 27
12 1732754807.862104893 18 221
13 1732754807.862104893 96 151
14 1732754807.862104893 50 186
0 1732754808.112104893 143 289
1 1732754808.112104893 122 333
2 1732754808.112104893 117 350
3 1732754808.112104893 138 311
4 1732754808.112104893 422 283
5 1732754808.112104893 94 383
6 1732754808.112104893 129 321
7 1732754808.112104893 314 259
8 1732754808.112104893 105 131
9 1732754808.112104893 336 251
10 1732754808.112104893 431 308
11 1732754808.112104893 377 27
12 1732754808.112104893 18 221
13 1732754808.112104893 96 150
14 1732754808.112104893 51 187
0 1732754808.362104893 143 289
1 1732754808.362104893 122 334
2 1732754808.362104893 118 352
3 1732754808.362104893 139 312
4 1732754808.362104893 422 283
5 1732754808.362104893 96 384
6 1732754808.362104893 131 322
7 1732754808.362104893 315 261
8 1732754808.362104893 107 132
9 1732754808.362104893 335 250
10 1732754808.362104893 431 309
11 1732754808.362104893 376 27
12 1732754808.362104893 18 222
13 1732754808.362104893 96 150
14 1732754808.362104893 50 187
0 1732754808.612104893 142 289
1 1732754808.612104893 122 334
2 1732754808.612104893 120 353
3 1732754808.612104893 138 311
4 1732754808.612104893 422 282
5 1732754808.612104893 95 384
6 1732754808.612104893 129 322
7 1732754808.612104893 315 263
8 1732754808.612104893 107 132
9 1732754808.612104893 335 250
10 1732754808.612104893 431 310
11 1732754808.612104893 375 26
12 1732754808.612104893 18 220
13 1732754808.612104893 96 151
14 1732754808.612104893 51 186
0 1732754808.862104893 143 291
1 1732754808.862104893 123 332
2 1732754808.862104893 122 354
3 1732754808.862104893 138 312
4 1732754808.862104893 423 282
5 1732754808.862104893 96 385
6 1732754808.862104893 130 322
7 1732754808.862104893 314 265
8 1732754808.862104893 108 132
9 1732754808.862104893 335 250
10 1732754808.862104893 431 310
11 1732754808.862104893 374 27
12 1732754808.862104893 17 221
13 1732754808.862104893 97 151
14 1732754808.862104893 50 187
0 1732754809.112104893 143 289
1 1732754809.112104893 123 334
2 1732754809.112104893 121 355
3 1732754809.112104893 138 314
4 1732754809.112104893 424 283
5 1732754809.112104893 96 386
6 1732754809.112104893 132 323
7 1732754809.112104893 315 267
8 1732754809.112104893 107 131
9 1732754809.112104893 334 250
10 1732754809.112104893 432 309
11 1732754809.112104893 374 26
12 1732754809.112104893 18 221
13 1732754809.112104893 99 152
14 1732754809.112104893 51 187
0 1732754809.362104893 143 290
1 1732754809.362104893 122 333
2 1732754809.362104893 123 355
3 1732754809.362104893 140 314
4 1732754809.362104893 424 282
5 1732754809.362104893 97 388
6 1732754809.362104893 133 322
7 1732754809.362104893 315 269
8 1732754809.362104893 108 132
9 1732754809.362104893 334 249
10 1732754809.362104893 432 309
11 1732754809.362104893 373 26
12 1732754809.362104893 17 222
13 1732754809.362104893 98 151
14 1732754809.362104893 51 187
0 1732754809.612104893 144 288
1 1732754809.612104893 121 335
2 1732754809.612104893 123 355
3 1732754809.612104893 140 315
4 1732754809.612104893 424 281
5 1732754809.612104893 94 389
6 1732754809.612104893 134 322
7 1732754809.612104893 316 269
8 1732754809.612104893 107 130
9 1732754809.612104893 333 249
10 1732754809.612104893 433 309
11 1732754809.612104893 373 26
12 1732754809.612104893 17 221
13 1732754809.612104893 98 150
14 1732754809.612104893 52 187
0 1732754809.862104893 145 289
1 1732754809.862104893 121 333
2 1732754809.862104893 123 356
3 1732754809.862104893 140 315
4 1732754809.862104893 425 282
5 1732754809.862104893 96 390
6 1732754809.862104893 133 323
7 1732754809.862104893 317 270
8 1732754809.862104893 108 131
9 1732754809.862104893 333 249
10 1732754809.862104893 432 309
11 1732754809.862104893 373 26
12 1732754809.862104893 17 223
13 1732754809.862104893 98 152
14 1732754809.862104893 50 187
0 1732754810.112104893 145 288
1 1732754810.112104893 121 333
2 1732754810.112104893 123 357
3 1732754810.112104893 142 316
4 1732754810.112104893 426 282
5 1732754810.112104893 96 391
6 1732754810.112104893 134 324
7 1732754810.112104893 318 272
8 1732754810.112104893 109 129
9 1732754810.112104893 333 249
10 1732754810.112104893 433 309
11 1732754810.112104893 372 26
12 1732754810.112104893 17 223
13 1732754810.112104893 99 153
14 1732754810.112104893 51 187
0 1732754810.362104893 145 289
1 1732754810.362104893 121 334
2 1732754810.362104893 125 356
3 1732754810.362104893 141 317
4 1732754810.362104893 428 283
5 1732754810.362104893 96 393
6 1732754810.362104893 134 324
7 1732754810.362104893 317 272
8 1732754810.362104893 108 130
9 1732754810.362104893 333 249
10 1732754810.362104893 433 310
11 1732754810.362104893 372 26
12 1732754810.362104893 17 224
13 1732754810.362104893 98 151
14 1732754810.362104893 50 187
0 1732754810.612104893 145 289
1 1732754810.612104893 120 336
2 1732754810.612104893 125 355
3 1732754810.612104893 143 317
4 1732754810.612104893 429 282
5 1732754810.612104893 95 393
6 1732754810.612104893 135 323
7 1732754810.612104893 316 270
8 1732754810.612104893 104 131
9 1732754810.612104893 333 249
10 1732754810.612104893 433 310
11 1732754810.612104893 372 26
12 1732754810.612104893 17 223
13 1732754810.612104893 98 153
14 1732754810.612104893 51 188
0 1732754810.862104893 147 289
1 1732754810.862104893 121 334
2 1732754810.862104893 124 356
3 1732754810.862104893 143 316
4 1732754810.862104893 431 283
5 1732754810.862104893 95 394
6 1732754810.862104893 138 321
7 1732754810.862104893 316 272
8 1732754810.862104893 107 130
9 1732754810.862104893 333 248
10 1732754810.862104893 434 310
11 1732754810.862104893 372 26
12 1732754810.862104893 17 224
13 1732754810.862104893 99 153
14 1732754810.862104893 51 187
0 1732754811.112104893 147 288
1 1732754811.112104893 122 332
2 1732754811.112104893 125 355
3 1732754811.112104893 144 316
4 1732754811.112104893 431 282
5 1732754811.112104893 95 393
6 1732754811.112104893 137 321
7 1732754811.112104893 317 272
8 1732754811.112104893 106 129
9 1732754811.112104893 333 248
10 1732754811.112104893 434 311
11 1732754811.112104893 371 26
12 1732754811.112104893 18 224
13 1732754811.112104893 100 153
14 1732754811.112104893 51 186
0 1732754811.362104893 147 287
1 1732754811.362104893 122 332
2 1732754811.362104893 126 356
3 1732754811.362104893 146 315
4 1732754811.362104893 432 283
5 1732754811.362104893 96 395
6 1732754811.362104893 137 322
7 1732754811.362104893 316 272
8 1732754811.362104893 108 131
9 1732754811.362104893 333 247
10 1732754811.362104893 434 310
11 1732754811.362104893 371 26
12 1732754811.362104893 18 224
13 1732754811.362104893 98 152
14 1732754811.362104893 51 187
0 1732754811.612104893 147 287
1 1732754811.612104893 121 333
2 1732754811.612104893 125 356
3 1732754811.612104893 148 316
4 1732754811.612104893 433 282
5 1732754811.612104893 94 394
6 1732754811.612104893 139 323
7 1732754811.612104893 316 271
8 1732754811.612104893 108 130
9 1732754811.612104893 333 248
10 1732754811.612104893 434 310
11 1732754811.612104893 371 25
12 1732754811.612104893 18 223
13 1732754811.612104893 100 152
14 1732754811.612104893 52 187
0 1732754811.862104893 146 287
1 1732754811.862104893 122 333
2 1732754811.862104893 126 357
3 1732754811.862104893 148 316
4 1732754811.862104893 434 282
5 1732754811.862104893 95 395
6 1732754811.862104893 140 324
7 1732754811.862104893 316 272
8 1732754811.862104893 107 130
9 1732754811.862104893 333 248
10 1732754811.862104893 435 310
11 1732754811.862104893 371 25
12 1732754811.862104893 18 224
13 1732754811.862104893 99 153
14 1732754811.862104893 50 186
0 1732754812.112104893 148 288
1 1732754812.112104893 122 332
2 1732754812.112104893 126 356
3 1732754812.112104893 149 315
4 1732754812.112104893 436 283
5 1732754812.112104893 93 395
6 1732754812.112104893 141 325
7 1732754812.112104893 316 271
8 1732754812.112104893 107 127
9 1732754812.112104893 333 249
10 1732754812.112104893 436 310
11 1732754812.112104893 371 24
12 1732754812.112104893 19 224
13 1732754812.112104893 100 154
14 1732754812.112104893 53 187
0 1732754812.362104893 147 290
1 1732754812.362104893 122 335
2 1732754812.362104893 126 359
3 1732754812.362104893 150 319
4 1732754812.362104893 437 286
5 1732754812.362104893 92 397
6 1732754812.362104893 140 328
7 1732754812.362104893 316 273
8 1732754812.362104893 104 129
9 1732754812.362104893 333 250
10 1732754812.362104893 435 313
11 1732754812.362104893 370 27
12 1732754812.362104893 18 227
13 1732754812.362104893 100 158
14 1732754812.362104893 52 191
0 1732754812.612104893 148 291
1 1732754812.612104893 123 336
2 1732754812.612104893 127 359
3 1732754812.612104893 151 320
4 1732754812.612104893 437 287
5 1732754812.612104893 93 399
6 1732754812.612104893 142 329
7 1732754812.612104893 315 274
8 1732754812.612104893 102 132
9 1732754812.612104893 333 250
10 1732754812.612104893 435 314
11 1732754812.612104893 371 27
12 1732754812.612104893 19 228
13 1732754812.612104893 100 159
14 1732754812.612104893 50 194
0 1732754812.862104893 149 291
1 1732754812.862104893 123 337
2 1732754812.862104893 127 359
3 1732754812.862104893 152 320
4 1732754812.862104893 438 288
5 1732754812.862104893 94 400
6 1732754812.862104893 143 329
7 1732754812.862104893 316 274
8 1732754812.862104893 102 135
9 1732754812.862104893 334 250
10 1732754812.862104893 435 315
11 1732754812.862104893 371 27
12 1732754812.862104893 19 228
13 1732754812.862104893 102 160
14 1732754812.862104893 51 195
0 1732754813.112104893 149 291
1 1732754813.112104893 124 338
2 1732754813.112104893 127 360
3 1732754813.112104893 153 320
4 1732754813.112104893 439 288
5 1732754813.112104893 95 401
6 1732754813.112104893 143 330
7 1732754813.112104893 317 274
8 1732754813.112104893 103 136
9 1732754813.112104893 335 250
10 1732754813.112104893 436 315
11 1732754813.112104893 371 28
12 1732754813.112104893 20 228
13 1732754813.112104893 103 160
14 1732754813.112104893 53 196
0 1732754813.362104893 149 291
1 1732754813.362104893 124 339
2 1732754813.362104893 126 360
3 1732754813.362104893 154 320
4 1732754813.362104893 440 289
5 1732754813.362104893 95 402
6 1732754813.362104893 142 331
7 1732754813.362104893 318 274
8 1732754813.362104893 105 137
9 1732754813.362104893 335 251
10 1732754813.362104893 438 316
11 1732754813.362104893 372 28
12 1732754813.362104893 20 228
13 1732754813.362104893 105 161
14 1732754813.362104893 53 197
0 1732754813.612104893 149 291
1 1732754813.612104893 124 340
2 1732754813.612104893 126 360
3 1732754813.612104893 155 322
4 1732754813.612104893 441 290
5 1732754813.612104893 95 403
6 1732754813.612104893 143 331
7 1732754813.612104893 318 275
8 1732754813.612104893 105 139
9 1732754813.612104893 336 251
10 1732754813.612104893 438 316
11 1732754813.612104893 372 30
12 1732754813.612104893 20 229
13 1732754813.612104893 106 162
14 1732754813.612104893 54 198
0 1732754813.862104893 148 291
1 1732754813.862104893 124 341
2 1732754813.862104893 126 360
3 1732754813.862104893 155 323
4 1732754813.862104893 442 291
5 1732754813.862104893 94 403
6 1732754813.862104893 142 332
7 1732754813.862104893 319 275
8 1732754813.862104893 107 138
9 1732754813.862104893 336 252
10 1732754813.862104893 438 317
11 1732754813.862104893 372 30
12 1732754813.862104893 20 229
13 1732754813.862104893 106 162
14 1732754813.862104893 54 197
0 1732754814.112104893 148 292
1 1732754814.112104893 124 342
2 1732754814.112104893 125 361
3 1732754814.112104893 156 324
4 1732754814.112104893 443 292
5 1732754814.112104893 94 404
6 1732754814.112104893 142 333
7 1732754814.112104893 320 276
8 1732754814.112104893 108 137
9 1732754814.112104893 336 252
10 1732754814.112104893 439 318
11 1732754814.112104893 372 30
12 1732754814.112104893 20 230
13 1732754814.112104893 108 162
14 1732754814.112104893 54 196
0 1732754814.362104893 147 292
1 1732754814.362104893 124 344
2 1732754814.362104893 125 361
3 1732754814.362104893 156 324
4 1732754814.362104893 444 292
5 1732754814.362104893 94 405
6 1732754814.362104893 142 333
7 1732754814.362104893 320 277
8 1732754814.362104893 108 137
9 1732754814.362104893 336 253
10 1732754814.362104893 439 318
11 1732754814.362104893 373 29
12 1732754814.362104893 20 230
13 1732754814.362104893 108 163
14 1732754814.362104893 54 197
0 1732754814.612104893 147 292
1 1732754814.612104893 123 345
2 1732754814.612104893 125 362
3 1732754814.612104893 157 325
4 1732754814.612104893 444 293
5 1732754814.612104893 94 406
6 1732754814.612104893 142 334
7 1732754814.612104893 321 278
8 1732754814.612104893 109 136
9 1732754814.612104893 336 253
10 1732754814.612104893 439 319
11 1732754814.612104893 373 30
12 1732754814.612104893 19 231
13 1732754814.612104893 109 164
14 1732754814.612104893 55 198
0 1732754814.862104893 146 293
1 1732754814.862104893 123 346
2 1732754814.862104893 124 362
3 1732754814.862104893 156 325
4 1732754814.862104893 445 294
5 1732754814.862104893 94 406
6 1732754814.862104893 142 334
7 1732754814.862104893 321 279
8 1732754814.862104893 109 136
9 1732754814.862104893 336 254
10 1732754814.862104893 440 319
11 1732754814.862104893 373 31
12 1732754814.862104893 19 231
13 1732754814.862104893 110 164
14 1732754814.862104893 56 198
0 1732754815.112104893 146 293
1 1732754815.112104893 123 347
2 1732754815.112104893 124 363
3 1732754815.112104893 156 326
4 1732754815.112104893 445 295
5 1732754815.112104893 94 407
6 1732754815.112104893 143 335
7 1732754815.112104893 321 280
8 1732754815.112104893 110 136
9 1732754815.112104893 336 254
10 1732754815.112104893 440 320
11 1732754815.112104893 373 30
12 1732754815.112104893 19 231
13 1732754815.112104893 110 165
14 1732754815.112104893 55 198
0 1732754815.362104893 146 294
1 1732754815.362104893 123 347
2 1732754815.362104893 124 363
3 1732754815.362104893 156 327
4 1732754815.362104893 446 295
5 1732754815.362104893 94 407
6 1732754815.362104893 143 335
7 1732754815.362104893 321 280
8 1732754815.362104893 111 136
9 1732754815.362104893 336 255
10 1732754815.362104893 440 321
11 1732754815.362104893 373 30
12 1732754815.362104893 18 231
13 1732754815.362104893 110 165
14 1732754815.362104893 55 198
0 1732754815.612104893 145 297
1 1732754815.612104893 122 349
2 1732754815.612104893 123 367
3 1732754815.612104893 155 330
4 1732754815.612104893 445 298
5 1732754815.612104893 93 410
6 1732754815.612104893 143 339
7 1732754815.612104893 320 283
8 1732754815.612104893 110 138
9 1732754815.612104893 335 257
10 1732754815.612104893 439 324
11 1732754815.612104893 373 33
12 1732754815.612104893 17 234
13 1732754815.612104893 110 169
14 1732754815.612104893 54 201
0 1732754815.862104893 145 297
1 1732754815.862104893 122 350
2 1732754815.862104893 123 367
3 1732754815.862104893 155 331
4 1732754815.862104893 446 299
5 1732754815.862104893 93 411
6 1732754815.862104893 143 339
7 1732754815.862104893 320 283
8 1732754815.862104893 110 138
9 1732754815.862104893 336 257
10 1732754815.862104893 439 325
11 1732754815.862104893 373 34
12 1732754815.862104893 18 235
13 1732754815.862104893 111 169
14 1732754815.862104893 53 202
0 1732754816.112104893 145 297
1 1732754816.112104893 122 350
2 1732754816.112104893 123 367
3 1732754816.112104893 155 331
4 1732754816.112104893 445 299
5 1732754816.112104893 93 411
6 1732754816.112104893 142 339
7 1732754816.112104893 321 283
8 1732754816.112104893 110 139
9 1732754816.112104893 337 257
10 1732754816.112104893 437 325
11 1732754816.112104893 374 34
12 1732754816.112104893 17 235
13 1732754816.112104893 112 169
14 1732754816.112104893 53 202
0 1732754816.362104893 146 297
1 1732754816.362104893 123 350
2 1732754816.362104893 124 367
3 1732754816.362104893 155 331
4 1732754816.362104893 446 300
5 1732754816.362104893 94 412
6 1732754816.362104893 143 339
7 1732754816.362104893 323 284
8 1732754816.362104893 111 139
9 1732754816.362104893 338 257
10 1732754816.362104893 438 325
11 1732754816.362104893 373 35
12 1732754816.362104893 17 235
13 1732754816.362104893 113 169
14 1732754816.362104893 54 203
0 1732754816.612104893 147 297
1 1732754816.612104893 125 350
2 1732754816.612104893 126 367
3 1732754816.612104893 156 331
4 1732754816.612104893 447 301
5 1732754816.612104893 96 412
6 1732754816.612104893 144 339
7 1732754816.612104893 324 284
8 1732754816.612104893 112 140
9 1732754816.612104893 340 257
10 1732754816.612104893 440 326
11 1732754816.612104893 373 36
12 1732754816.612104893 18 235
13 1732754816.612104893 114 170
14 1732754816.612104893 55 205
0 1732754816.862104893 148 297
1 1732754816.862104893 126 350
2 1732754816.862104893 127 366
3 1732754816.862104893 158 331
4 1732754816.862104893 449 302
5 1732754816.862104893 98 412
6 1732754816.862104893 145 339
7 1732754816.862104893 326 284
8 1732754816.862104893 113 140
9 1732754816.862104893 341 256
10 1732754816.862104893 443 326
11 1732754816.862104893 375 37
12 1732754816.862104893 18 236
13 1732754816.862104893 115 171
14 1732754816.862104893 56 206
0 1732754817.112104893 150 296
1 1732754817.112104893 127 349
2 1732754817.112104893 129 366
3 1732754817.112104893 159 331
4 1732754817.112104893 450 302
5 1732754817.112104893 100 412
6 1732754817.112104893 146 339
7 1732754817.112104893 328 284
8 1732754817.112104893 115 140
9 1732754817.112104893 343 256
10 1732754817.112104893 445 327
11 1732754817.112104893 374 36
12 1732754817.112104893 19 236
13 1732754817.112104893 116 171
14 1732754817.112104893 58 207
0 1732754817.362104893 151 295
1 1732754817.362104893 128 349
2 1732754817.362104893 130 366
3 1732754817.362104893 161 331
4 1732754817.362104893 451 302
5 1732754817.362104893 101 412
6 1732754817.362104893 146 339
7 1732754817.362104893 330 284
8 1732754817.362104893 116 141
9 1732754817.362104893 344 255
10 1732754817.362104893 447 328
11 1732754817.362104893 374 38
12 1732754817.362104893 19 236
13 1732754817.362104893 117 171
14 1732754817.362104893 58 209
0 1732754817.612104893 152 295
1 1732754817.612104893 130 348
2 1732754817.612104893 131 366
3 1732754817.612104893 163 331
4 1732754817.612104893 453 303
5 1732754817.612104893 103 412
6 1732754817.612104893 147 339
7 1732754817.612104893 331 283
8 1732754817.612104893 117 141
9 1732754817.612104893 345 254
10 1732754817.612104893 448 328
11 1732754817.612104893 375 37
12 1732754817.612104893 20 236
13 1732754817.612104893 118 172
14 1732754817.612104893 60 209
0 1732754817.862104893 154 294
1 1732754817.862104893 130 347
2 1732754817.862104893 132 366
3 1732754817.862104893 165 331
4 1732754817.862104893 454 303
5 1732754817.862104893 105 412
6 1732754817.862104893 148 339
7 1732754817.862104893 332 282
8 1732754817.862104893 116 140
9 1732754817.862104893 346 254
10 1732754817.862104893 451 329
11 1732754817.862104893 376 35
12 1732754817.862104893 20 236
13 1732754817.862104893 119 172
14 1732754817.862104893 61 209
0 1732754818.112104893 155 293
1 1732754818.112104893 131 346
2 1732754818.112104893 133 365
3 1732754818.112104893 167 332
4 1732754818.112104893 455 302
5 1732754818.112104893 106 411
6 1732754818.112104893 149 340
7 1732754818.112104893 333 281
8 1732754818.112104893 117 140
9 1732754818.112104893 347 253
10 1732754818.112104893 452 329
11 1732754818.112104893 375 36
12 1732754818.112104893 20 237
13 1732754818.112104893 119 172
14 1732754818.112104893 61 210
0 1732754818.362104893 156 292
1 1732754818.362104893 132 346
2 1732754818.362104893 134 365
3 1732754818.362104893 169 331
4 1732754818.362104893 456 302
5 1732754818.362104893 108 412
6 1732754818.362104893 150 340
7 1732754818.362104893 334 281
8 1732754818.362104893 118 142
9 1732754818.362104893 348 253
10 1732754818.362104893 454 328
11 1732754818.362104893 376 37
12 1732754818.362104893 20 237
13 1732754818.362104893 119 172
14 1732754818.362104893 62 210
0 1732754818.612104893 157 291
1 1732754818.612104893 133 345
2 1732754818.612104893 135 365
3 1732754818.612104893 171 332
4 1732754818.612104893 457 302
5 1732754818.612104893 110 412
6 1732754818.612104893 150 340
7 1732754818.612104893 335 280
8 1732754818.612104893 118 142
9 1732754818.612104893 349 253
10 1732754818.612104893 455 328
11 1732754818.612104893 376 36
12 1732754818.612104893 21 236
13 1732754818.612104893 120 173
14 1732754818.612104893 63 210
0 1732754818.862104893 158 290
1 1732754818.862104893 133 344
2 1732754818.862104893 135 365
3 1732754818.862104893 172 332
4 1732754818.862104893 459 302
5 1732754818.862104893 111 412
6 1732754818.862104893 151 340
7 1732754818.862104893 336 279
8 1732754818.862104893 117 141
9 1732754818.862104893 350 252
10 1732754818.862104893 457 328
11 1732754818.862104893 375 37
12 1732754818.862104893 21 236
13 1732754818.862104893 120 173
14 1732754818.862104893 63 211
0 1732754819.112104893 159 289
1 1732754819.112104893 134 342
2 1732754819.112104893 136 365
3 1732754819.112104893 173 332
4 1732754819.112104893 460 302
5 1732754819.112104893 112 412
6 1732754819.112104893 152 340
7 1732754819.112104893 337 278
8 1732754819.112104893 118 141
9 1732754819.112104893 351 252
10 1732754819.112104893 458 327
11 1732754819.112104893 376 36
12 1732754819.112104893 21 237
13 1732754819.112104893 121 173
14 1732754819.112104893 64 212
0 1732754819.362104893 160 288
1 1732754819.362104893 135 341
2 1732754819.362104893 136 364
3 1732754819.362104893 175 332
4 1732754819.362104893 461 303
5 1732754819.362104893 113 411
6 1732754819.362104893 153 341
7 1732754819.362104893 337 277
8 1732754819.362104893 118 141
9 1732754819.362104893 352 251
10 1732754819.362104893 459 326
11 1732754819.362104893 374 36
12 1732754819.362104893 21 235
13 1732754819.362104893 121 173
14 1732754819.362104893 65 214
0 1732754819.612104893 160 290
1 1732754819.612104893 135 344
2 1732754819.612104893 137 367
3 1732754819.612104893 175 334
4 1732754819.612104893 461 306
5 1732754819.612104893 113 414
6 1732754819.612104893 152 344
7 1732754819.612104893 337 279
8 1732754819.612104893 117 141
9 1732754819.612104893 351 253
10 1732754819.612104893 460 330
11 1732754819.612104893 373 38
12 1732754819.612104893 21 239
13 1732754819.612104893 122 178
14 1732754819.612104893 64 217
0 1732754819.862104893 160 290
1 1732754819.862104893 135 343
2 1732754819.862104893 137 367
3 1732754819.862104893 176 335
4 1732754819.862104893 462 307
5 1732754819.862104893 114 414
6 1732754819.862104893 153 344
7 1732754819.862104893 337 280
8 1732754819.862104893 116 142
9 1732754819.862104893 351 254
10 1732754819.862104893 461 331
11 1732754819.862104893 374 37
12 1732754819.862104893 21 240
13 1732754819.862104893 122 177
14 1732754819.862104893 64 219
0 1732754820.112104893 158 290
1 1732754820.112104893 131 342
2 1732754820.112104893 136 369
3 1732754820.112104893 173 336
4 1732754820.112104893 463 309
5 1732754820.112104893 112 417
6 1732754820.112104893 148 344
7 1732754820.112104893 336 282
8 1732754820.112104893 115 147
9 1732754820.112104893 351 257
10 1732754820.112104893 462 331
11 1732754820.112104893 375 41
12 1732754820.112104893 22 244
13 1732754820.112104893 123 180
14 1732754820.112104893 63 221
0 1732754820.362104893 158 290
1 1732754820.362104893 130 342
2 1732754820.362104893 136 369
3 1732754820.362104893 174 338
4 1732754820.362104893 464 310
5 1732754820.362104893 112 419
6 1732754820.362104893 149 345
7 1732754820.362104893 336 285
8 1732754820.362104893 114 150
9 1732754820.362104893 352 258
10 1732754820.362104893 462 333
11 1732754820.362104893 376 40
12 1732754820.362104893 22 245
13 1732754820.362104893 121 180
14 1732754820.362104893 63 224
0 1732754820.612104893 159 291
1 1732754820.612104893 130 343
2 1732754820.612104893 136 369
3 1732754820.612104893 176 338
4 1732754820.612104893 465 311
5 1732754820.612104893 113 420
6 1732754820.612104893 150 346
7 1732754820.612104893 337 286
8 1732754820.612104893 113 153
9 1732754820.612104893 353 257
10 1732754820.612104893 463 334
11 1732754820.612104893 377 41
12 1732754820.612104893 22 245
13 1732754820.612104893 121 181
14 1732754820.612104893 63 225
0 1732754820.862104893 159 293
1 1732754820.862104893 129 343
2 1732754820.862104893 137 371
3 1732754820.862104893 175 339
4 1732754820.862104893 465 314
5 1732754820.862104893 112 421
6 1732754820.862104893 149 347
7 1732754820.862104893 337 287
8 1732754820.862104893 111 155
9 1732754820.862104893 353 260
10 1732754820.862104893 463 336
11 1732754820.862104893 376 43
12 1732754820.862104893 21 247
13 1732754820.862104893 121 185
14 1732754820.862104893 62 227
0 1732754821.112104893 158 292
1 1732754821.112104893 129 343
2 1732754821.112104893 138 371
3 1732754821.112104893 177 340
4 1732754821.112104893 466 313
5 1732754821.112104893 112 423
6 1732754821.112104893 149 348
7 1732754821.112104893 337 287
8 1732754821.112104893 111 155
9 1732754821.112104893 353 260
10 1732754821.112104893 464 337
11 1732754821.112104893 376 43
12 1732754821.112104893 22 248
13 1732754821.112104893 121 185
14 1732754821.112104893 61 226
0 1732754821.362104893 159 292
1 1732754821.362104893 130 343
2 1732754821.362104893 139 371
3 1732754821.362104893 177 340
4 1732754821.362104893 466 313
5 1732754821.362104893 113 425
6 1732754821.362104893 150 349
7 1732754821.362104893 337 287
8 1732754821.362104893 109 156
9 1732754821.362104893 352 260
10 1732754821.362104893 464 338
11 1732754821.362104893 377 43
12 1732754821.362104893 21 248
13 1732754821.362104893 121 184
14 1732754821.362104893 60 227
0 1732754821.612104893 161 292
1 1732754821.612104893 131 342
2 1732754821.612104893 140 370
3 1732754821.612104893 179 339
4 1732754821.612104893 467 313
5 1732754821.612104893 114 426
6 1732754821.612104893 151 349
7 1732754821.612104893 338 288
8 1732754821.612104893 105 157
9 1732754821.612104893 353 260
10 1732754821.612104893 465 339
11 1732754821.612104893 377 42
12 1732754821.612104893 21 247
13 1732754821.612104893 122 184
14 1732754821.612104893 61 228
0 1732754821.862104893 162 291
1 1732754821.862104893 132 342
2 1732754821.862104893 142 370
3 1732754821.862104893 181 339
4 1732754821.862104893 469 313
5 1732754821.862104893 116 427
6 1732754821.862104893 153 348
7 1732754821.862104893 339 288
8 1732754821.862104893 106 157
9 1732754821.862104893 355 260
10 1732754821.862104893 467 339
11 1732754821.862104893 378 40
12 1732754821.862104893 23 247
13 1732754821.862104893 121 184
14 1732754821.862104893 62 227
0 1732754822.112104893 164 291
1 1732754822.112104893 134 341
2 1732754822.112104893 144 369
3 1732754822.112104893 182 339
4 1732754822.112104893 471 314
5 1732754822.112104893 118 428
6 1732754822.112104893 155 348
7 1732754822.112104893 341 288
8 1732754822.112104893 105 157
9 1732754822.112104893 357 259
10 1732754822.112104893 469 339
11 1732754822.112104893 379 40
12 1732754822.112104893 23 247
13 1732754822.112104893 123 184
14 1732754822.112104893 63 227
0 1732754822.362104893 165 290
1 1732754822.362104893 135 340
2 1732754822.362104893 145 369
3 1732754822.362104893 184 338
4 1732754822.362104893 473 312
5 1732754822.362104893 120 428
6 1732754822.362104893 156 348
7 1732754822.362104893 343 288
8 1732754822.362104893 104 158
9 1732754822.362104893 358 259
10 1732754822.362104893 471 340
11 1732754822.362104893 380 39
12 1732754822.362104893 23 247
13 1732754822.362104893 122 184
14 1732754822.362104893 63 227
0 1732754822.612104893 167 289
1 1732754822.612104893 136 339
2 1732754822.612104893 146 368
3 1732754822.612104893 187 338
4 1732754822.612104893 476 312
5 1732754822.612104893 122 429
6 1732754822.612104893 158 347
7 1732754822.612104893 343 287
8 1732754822.612104893 104 157
9 1732754822.612104893 359 258
10 1732754822.612104893 474 340
11 1732754822.612104893 381 38
12 1732754822.612104893 23 247
13 1732754822.612104893 122 184
14 1732754822.612104893 65 227
0 1732754822.862104893 168 289
1 1732754822.862104893 137 338
2 1732754822.862104893 147 366
3 1732754822.862104893 189 337
4 1732754822.862104893 478 311
5 1732754822.862104893 123 429
6 1732754822.862104893 159 347
7 1732754822.862104893 344 286
8 1732754822.862104893 103 157
9 1732754822.862104893 360 258
10 1732754822.862104893 476 340
11 1732754822.862104893 381 37
12 1732754822.862104893 23 247
13 1732754822.862104893 123 184
14 1732754822.862104893 66 228
0 1732754823.112104893 168 291
1 1732754823.112104893 135 338
2 1732754823.112104893 144 366
3 1732754823.112104893 189 338
4 1732754823.112104893 478 314
5 1732754823.112104893 121 430
6 1732754823.112104893 156 346
7 1732754823.112104893 344 288
8 1732754823.112104893 102 158
9 1732754823.112104893 361 260
10 1732754823.112104893 476 341
11 1732754823.112104893 380 39
12 1732754823.112104893 22 249
13 1732754823.112104893 123 188
14 1732754823.112104893 65 229
0 1732754823.362104893 168 291
1 1732754823.362104893 135 339
2 1732754823.362104893 146 367
3 1732754823.362104893 190 338
4 1732754823.362104893 478 314
5 1732754823.362104893 120 431
6 1732754823.362104893 157 347
7 1732754823.362104893 344 288
8 1732754823.362104893 103 159
9 1732754823.362104893 361 259
10 1732754823.362104893 477 342
11 1732754823.362104893 380 39
12 1732754823.362104893 23 250
13 1732754823.362104893 125 186
14 1732754823.362104893 64 229
0 1732754823.612104893 169 291
1 1732754823.612104893 134 340
2 1732754823.612104893 147 368
3 1732754823.612104893 192 338
4 1732754823.612104893 479 314
5 1732754823.612104893 121 431
6 1732754823.612104893 157 348
7 1732754823.612104893 346 289
8 1732754823.612104893 104 160
9 1732754823.612104893 361 259
10 1732754823.612104893 479 342
11 1732754823.612104893 381 37
12 1732754823.612104893 23 250
13 1732754823.612104893 127 186
14 1732754823.612104893 65 230
0 1732754823.862104893 170 291
1 1732754823.862104893 135 339
2 1732754823.862104893 149 368
3 1732754823.862104893 193 338
4 1732754823.862104893 481 314
5 1732754823.862104893 123 431
6 1732754823.862104893 159 348
7 1732754823.862104893 346 289
8 1732754823.862104893 106 162
9 1732754823.862104893 362 259
10 1732754823.862104893 481 341
11 1732754823.862104893 381 36
12 1732754823.862104893 24 251
13 1732754823.862104893 130 186
14 1732754823.862104893 66 231
0 1732754824.112104893 172 290
1 1732754824.112104893 136 339
2 1732754824.112104893 151 369
3 1732754824.112104893 195 338
4 1732754824.112104893 483 314
5 1732754824.112104893 124 431
6 1732754824.112104893 160 348
7 1732754824.112104893 347 289
8 1732754824.112104893 107 161
9 1732754824.112104893 363 258
10 1732754824.112104893 484 341
11 1732754824.112104893 382 35
12 1732754824.112104893 24 251
13 1732754824.112104893 132 187
14 1732754824.112104893 66 230
0 1732754824.362104893 172 289
1 1732754824.362104893 137 338
2 1732754824.362104893 152 369
3 1732754824.362104893 197 338
4 1732754824.362104893 485 313
5 1732754824.362104893 126 431
6 1732754824.362104893 162 348
7 1732754824.362104893 348 288
8 1732754824.362104893 107 161
9 1732754824.362104893 365 257
10 1732754824.362104893 486 341
11 1732754824.362104893 382 34
12 1732754824.362104893 25 250
13 1732754824.362104893 134 187
14 1732754824.362104893 66 229
0 1732754824.612104893 174 288
1 1732754824.612104893 138 337
2 1732754824.612104893 153 370
3 1732754824.612104893 200 338
4 1732754824.612104893 486 314
5 1732754824.612104893 128 431
6 1732754824.612104893 163 348
7 1732754824.612104893 348 288
8 1732754824.612104893 108 162
9 1732754824.612104893 366 256
10 1732754824.612104893 489 340
11 1732754824.612104893 383 34
12 1732754824.612104893 25 250
13 1732754824.612104893 136 187
14 1732754824.612104893 66 230
0 1732754824.862104893 175 287
1 1732754824.862104893 138 336
2 1732754824.862104893 154 370
3 1732754824.862104893 202 338
4 1732754824.862104893 488 313
5 1732754824.862104893 130 431
6 1732754824.862104893 165 348
7 1732754824.862104893 349 288
8 1732754824.862104893 108 160
9 1732754824.862104893 367 255
10 1732754824.862104893 491 340
11 1732754824.862104893 384 35
12 1732754824.862104893 26 250
13 1732754824.862104893 137 187
14 1732754824.862104893 66 229
0 1732754825.112104893 176 286
1 1732754825.112104893 139 335
2 1732754825.112104893 154 370
3 1732754825.112104893 204 338
4 1732754825.112104893 488 311
5 1732754825.112104893 131 431
6 1732754825.112104893 166 348
7 1732754825.112104893 349 288
8 1732754825.112104893 107 159
9 1732754825.112104893 369 254
10 1732754825.112104893 494 339
11 1732754825.112104893 383 34
12 1732754825.112104893 26 250
13 1732754825.112104893 137 186
14 1732754825.112104893 67 230
0 1732754825.362104893 177 285
1 1732754825.362104893 139 333
2 1732754825.362104893 155 370
3 1732754825.362104893 207 339
4 1732754825.362104893 490 311
5 1732754825.362104893 133 432
6 1732754825.362104893 167 347
7 1732754825.362104893 351 288
8 1732754825.362104893 110 160
9 1732754825.362104893 370 253
10 1732754825.362104893 496 338
11 1732754825.362104893 384 34
12 1732754825.362104893 26 249
13 1732754825.362104893 139 186
14 1732754825.362104893 69 230
0 1732754825.612104893 176 285
1 1732754825.612104893 138 335
2 1732754825.612104893 155 370
3 1732754825.612104893 207 342
4 1732754825.612104893 490 314
5 1732754825.612104893 134 432
6 1732754825.612104893 166 349
7 1732754825.612104893 350 291
8 1732754825.612104893 110 161
9 1732754825.612104893 371 257
10 1732754825.612104893 492 337
11 1732754825.612104893 383 37
12 1732754825.612104893 25 252
13 1732754825.612104893 139 189
14 1732754825.612104893 67 232
0 1732754825.862104893 177 286
1 1732754825.862104893 138 335
2 1732754825.862104893 156 371
3 1732754825.862104893 208 343
4 1732754825.862104893 490 314
5 1732754825.862104893 136 433
6 1732754825.862104893 167 350
7 1732754825.862104893 350 292
8 1732754825.862104893 111 161
9 1732754825.862104893 371 257
10 1732754825.862104893 492 337
11 1732754825.862104893 384 37
12 1732754825.862104893 25 253
13 1732754825.862104893 140 188
14 1732754825.862104893 67 232
0 1732754826.112104893 177 287
1 1732754826.112104893 138 334
2 1732754826.112104893 156 371
3 1732754826.112104893 210 343
4 1732754826.112104893 490 314
5 1732754826.112104893 137 433
6 1732754826.112104893 168 350
7 1732754826.112104893 349 293
8 1732754826.112104893 113 162
9 1732754826.112104893 373 256
10 1732754826.112104893 493 338
11 1732754826.112104893 384 36
12 1732754826.112104893 25 253
13 1732754826.112104893 142 188
14 1732754826.112104893 69 232
0 1732754826.362104893 178 286
1 1732754826.362104893 138 333
2 1732754826.362104893 157 372
3 1732754826.362104893 213 343
4 1732754826.362104893 490 314
5 1732754826.362104893 138 434
6 1732754826.362104893 169 349
7 1732754826.362104893 350 293
8 1732754826.362104893 114 162
9 1732754826.362104893 374 255
10 1732754826.362104893 495 338
11 1732754826.362104893 385 36
12 1732754826.362104893 26 254
13 1732754826.362104893 143 188
14 1732754826.362104893 69 232
0 1732754826.612104893 179 285
1 1732754826.612104893 139 332
2 1732754826.612104893 157 372
3 1732754826.612104893 215 343
4 1732754826.612104893 492 314
5 1732754826.612104893 140 434
6 1732754826.612104893 170 349
7 1732754826.612104893 350 294
8 1732754826.612104893 114 161
9 1732754826.612104893 376 253
10 1732754826.612104893 497 338
11 1732754826.612104893 387 37
12 1732754826.612104893 27 253
13 1732754826.612104893 144 187
14 1732754826.612104893 68 231
0 1732754826.862104893 181 285
1 1732754826.862104893 139 331
2 1732754826.862104893 157 372
3 1732754826.862104893 218 343
4 1732754826.862104893 493 314
5 1732754826.862104893 141 435
6 1732754826.862104893 172 348
7 1732754826.862104893 352 294
8 1732754826.862104893 115 161
9 1732754826.862104893 377 252
10 1732754826.862104893 500 338
11 1732754826.862104893 388 36
12 1732754826.862104893 28 254
13 1732754826.862104893 146 187
14 1732754826.862104893 70 232
0 1732754827.112104893 181 284
1 1732754827.112104893 140 330
2 1732754827.112104893 157 372
3 1732754827.112104893 221 343
4 1732754827.112104893 495 314
5 1732754827.112104893 142 435
6 1732754827.112104893 173 347
7 1732754827.112104893 352 294
8 1732754827.112104893 115 160
9 1732754827.112104893 379 250
10 1732754827.112104893 502 338
11 1732754827.112104893 388 35
12 1732754827.112104893 29 254
13 1732754827.112104893 145 188
14 1732754827.112104893 71 230
0 1732754827.362104893 178 282
1 1732754827.362104893 134 327
2 1732754827.362104893 157 373
3 1732754827.362104893 220 347
4 1732754827.362104893 495 317
5 1732754827.362104893 141 438
6 1732754827.362104893 171 348
7 1732754827.362104893 351 297
8 1732754827.362104893 111 159
9 1732754827.362104893 378 254
10 1732754827.362104893 499 338
11 1732754827.362104893 388 37
12 1732754827.362104893 29 258
13 1732754827.362104893 145 192
14 1732754827.362104893 71 234
0 1732754827.612104893 176 283
1 1732754827.612104893 133 330
2 1732754827.612104893 157 374
3 1732754827.612104893 220 349
4 1732754827.612104893 497 321
5 1732754827.612104893 141 441
6 1732754827.612104893 170 350
7 1732754827.612104893 350 300
8 1732754827.612104893 110 158
9 1732754827.612104893 377 257
10 1732754827.612104893 498 340
11 1732754827.612104893 388 40
12 1732754827.612104893 28 261
13 1732754827.612104893 144 195
14 1732754827.612104893 70 236
0 1732754827.862104893 177 284
1 1732754827.862104893 133 331
2 1732754827.862104893 156 374
3 1732754827.862104893 221 349
4 1732754827.862104893 498 322
5 1732754827.862104893 141 443
6 1732754827.862104893 170 350
7 1732754827.862104893 350 301
8 1732754827.862104893 108 159
9 1732754827.862104893 378 257
10 1732754827.862104893 497 341
11 1732754827.862104893 388 41
12 1732754827.862104893 29 262
13 1732754827.862104893 145 195
14 1732754827.862104893 70 237
0 1732754828.112104893 177 284
1 1732754828.112104893 133 332
2 1732754828.112104893 157 374
3 1732754828.112104893 222 349
4 1732754828.112104893 498 323
5 1732754828.112104893 142 444
6 1732754828.112104893 170 351
7 1732754828.112104893 350 301
8 1732754828.112104893 107 159
9 1732754828.112104893 379 257
10 1732754828.112104893 496 341
11 1732754828.112104893 389 40
12 1732754828.112104893 29 262
13 1732754828.112104893 146 196
14 1732754828.112104893 70 237
0 1732754828.362104893 178 283
1 1732754828.362104893 132 332
2 1732754828.362104893 158 374
3 1732754828.362104893 224 349
4 1732754828.362104893 499 324
5 1732754828.362104893 143 444
6 1732754828.362104893 170 351
7 1732754828.362104893 350 301
8 1732754828.362104893 107 159
9 1732754828.362104893 380 256
10 1732754828.362104893 497 341
11 1732754828.362104893 389 40
12 1732754828.362104893 29 262
13 1732754828.362104893 148 196
14 1732754828.362104893 70 238
0 1732754828.612104893 178 282
1 1732754828.612104893 132 331
2 1732754828.612104893 159 374
3 1732754828.612104893 226 349
4 1732754828.612104893 501 324
5 1732754828.612104893 145 445
6 1732754828.612104893 171 350
7 1732754828.612104893 352 300
8 1732754828.612104893 107 159
9 1732754828.612104893 381 256
10 1732754828.612104893 498 341
11 1732754828.612104893 390 40
12 1732754828.612104893 29 261
13 1732754828.612104893 149 197
14 1732754828.612104893 71 238
0 1732754828.862104893 179 282
1 1732754828.862104893 133 331
2 1732754828.862104893 160 373
3 1732754828.862104893 228 349
4 1732754828.862104893 503 325
5 1732754828.862104893 147 445
6 1732754828.862104893 172 350
7 1732754828.862104893 352 300
8 1732754828.862104893 108 159
9 1732754828.862104893 383 255
10 1732754828.862104893 499 340
11 1732754828.862104893 390 38
12 1732754828.862104893 29 259
13 1732754828.862104893 150 197
14 1732754828.862104893 71 238
0 1732754829.112104893 178 284
1 1732754829.112104893 132 333
2 1732754829.112104893 158 374
3 1732754829.112104893 230 352
4 1732754829.112104893 504 327
5 1732754829.112104893 146 446
6 1732754829.112104893 172 352
7 1732754829.112104893 352 302
8 1732754829.112104893 108 159
9 1732754829.112104893 383 257
10 1732754829.112104893 496 341
11 1732754829.112104893 390 41
12 1732754829.112104893 28 261
13 1732754829.112104893 150 199
14 1732754829.112104893 70 239
0 1732754829.362104893 178 284
1 1732754829.362104893 132 333
2 1732754829.362104893 159 375
3 1732754829.362104893 230 352
4 1732754829.362104893 506 326
5 1732754829.362104893 146 447
6 1732754829.362104893 172 352
7 1732754829.362104893 352 303
8 1732754829.362104893 109 159
9 1732754829.362104893 383 257
10 1732754829.362104893 495 341
11 1732754829.362104893 389 40
12 1732754829.362104893 29 260
13 1732754829.362104893 150 200
14 1732754829.362104893 67 239
0 1732754829.612104893 176 284
1 1732754829.612104893 130 333
2 1732754829.612104893 160 375
3 1732754829.612104893 232 352
4 1732754829.612104893 508 326
5 1732754829.612104893 147 448
6 1732754829.612104893 172 352
7 1732754829.612104893 353 304
8 1732754829.612104893 109 159
9 1732754829.612104893 383 257
10 1732754829.612104893 496 342
11 1732754829.612104893 390 40
12 1732754829.612104893 28 258
13 1732754829.612104893 151 201
14 1732754829.612104893 66 239
0 1732754829.862104893 177 283
1 1732754829.862104893 131 333
2 1732754829.862104893 162 375
3 1732754829.862104893 234 352
4 1732754829.862104893 509 326
5 1732754829.862104893 149 449
6 1732754829.862104893 174 352
7 1732754829.862104893 354 304
8 1732754829.862104893 110 159
9 1732754829.862104893 385 256
10 1732754829.862104893 498 342
11 1732754829.862104893 391 39
12 1732754829.862104893 29 258
13 1732754829.862104893 154 201
14 1732754829.862104893 68 239
0 1732754830.112104893 177 283
1 1732754830.112104893 132 332
2 1732754830.112104893 164 375
3 1732754830.112104893 236 351
4 1732754830.112104893 511 326
5 1732754830.112104893 151 450
6 1732754830.112104893 175 352
7 1732754830.112104893 354 303
8 1732754830.112104893 110 159
9 1732754830.112104893 385 257
10 1732754830.112104893 500 342
11 1732754830.112104893 391 39
12 1732754830.112104893 29 259
13 1732754830.112104893 157 201
14 1732754830.112104893 68 239
0 1732754830.362104893 177 285
1 1732754830.362104893 132 335
2 1732754830.362104893 161 374
3 1732754830.362104893 234 351
4 1732754830.362104893 510 327
5 1732754830.362104893 147 448
6 1732754830.362104893 173 351
7 1732754830.362104893 353 308
8 1732754830.362104893 110 159
9 1732754830.362104893 387 260
10 1732754830.362104893 498 346
11 1732754830.362104893 390 40
12 1732754830.362104893 30 262
13 1732754830.362104893 157 206
14 1732754830.362104893 68 243
0 1732754830.612104893 176 285
1 1732754830.612104893 132 336
2 1732754830.612104893 160 375
3 1732754830.612104893 236 352
4 1732754830.612104893 512 329
5 1732754830.612104893 146 450
6 1732754830.612104893 173 353
7 1732754830.612104893 351 309
8 1732754830.612104893 110 159
9 1732754830.612104893 388 260
10 1732754830.612104893 500 347
11 1732754830.612104893 391 40
12 1732754830.612104893 31 263
13 1732754830.612104893 156 207
14 1732754830.612104893 67 244
0 1732754830.862104893 177 285
1 1732754830.862104893 132 336
2 1732754830.862104893 161 375
3 1732754830.862104893 238 351
4 1732754830.862104893 514 329
5 1732754830.862104893 145 450
6 1732754830.862104893 172 354
7 1732754830.862104893 348 310
8 1732754830.862104893 110 159
9 1732754830.862104893 389 261
10 1732754830.862104893 501 347
11 1732754830.862104893 391 40
12 1732754830.862104893 31 264
13 1732754830.862104893 155 207
14 1732754830.862104893 68 244
0 1732754831.112104893 178 284
1 1732754831.112104893 134 337
2 1732754831.112104893 163 375
3 1732754831.112104893 241 351
4 1732754831.112104893 516 330
5 1732754831.112104893 146 450
6 1732754831.112104893 173 354
7 1732754831.112104893 347 311
8 1732754831.112104893 110 159
9 1732754831.112104893 391 261
10 1732754831.112104893 503 347
11 1732754831.112104893 393 41
12 1732754831.112104893 32 264
13 1732754831.112104893 156 208
14 1732754831.112104893 69 245
0 1732754831.362104893 177 287
1 1732754831.362104893 134 341
2 1732754831.362104893 161 378
3 1732754831.362104893 243 350
4 1732754831.362104893 517 333
5 1732754831.362104893 148 454
6 1732754831.362104893 172 354
7 1732754831.362104893 348 315
8 1732754831.362104893 110 158
9 1732754831.362104893 391 263
10 1732754831.362104893 499 346
11 1732754831.362104893 392 44
12 1732754831.362104893 33 267
13 1732754831.362104893 156 212
14 1732754831.362104893 70 248
0 1732754831.612104893 178 287
1 1732754831.612104893 133 341
2 1732754831.612104893 162 378
3 1732754831.612104893 244 351
4 1732754831.612104893 516 334
5 1732754831.612104893 147 455
6 1732754831.612104893 172 356
7 1732754831.612104893 348 315
8 1732754831.612104893 110 158
9 1732754831.612104893 392 264
10 1732754831.612104893 497 348
11 1732754831.612104893 393 45
12 1732754831.612104893 34 268
13 1732754831.612104893 155 213
14 1732754831.612104893 70 249
0 1732754831.862104893 177 287
1 1732754831.862104893 132 341
2 1732754831.862104893 162 377
3 1732754831.862104893 246 351
4 1732754831.862104893 516 334
5 1732754831.862104893 146 456
6 1732754831.862104893 172 356
7 1732754831.862104893 349 316
8 1732754831.862104893 110 158
9 1732754831.862104893 393 264
10 1732754831.862104893 498 349
11 1732754831.862104893 393 45
12 1732754831.862104893 34 268
13 1732754831.862104893 156 215
14 1732754831.862104893 70 250
