0 1732754804.362104893 146 277
1 1732754804.362104893 119 325
2 1732754804.362104893 109 342
3 1732754804.362104893 134 293
4 1732754804.362104893 416 282
5 1732754804.362104893 97 364
6 1732754804.362104893 126 311
7 1732754804.362104893 312 251
8 1732754804.362104893 107 131
9 1732754804.362104893 344 251
10 1732754804.362104893 419 301
11 1732754804.362104893 382 29
12 1732754804.362104893 16 218
13 1732754804.362104893 102 154
14 1732754804.362104893 52 187
0 1732754804.612104893 146 277
1 1732754804.612104893 119 324
2 1732754804.612104893 109 341
3 1732754804.612104893 134 293
4 1732754804.612104893 416 282
5 1732754804.612104893 97 364
6 1732754804.612104893 126 311
7 1732754804.612104893 312 250
8 1732754804.612104893 107 131
9 1732754804.612104893 344 251
10 1732754804.612104893 419 301
11 1732754804.612104893 382 29
12 1732754804.612104893 16 217
13 1732754804.612104893 102 154
14 1732754804.612104893 52 187
0 1732754804.862104893 148 277
1 1732754804.862104893 121 325
2 1732754804.862104893 111 342
3 1732754804.862104893 136 293
4 1732754804.862104893 419 282
5 1732754804.862104893 99 364
6 1732754804.862104893 128 311
7 1732754804.862104893 314 251
8 1732754804.862104893 109 131
9 1732754804.862104893 346 252
10 1732754804.862104893 421 302
11 1732754804.862104893 383 27
12 1732754804.862104893 18 217
13 1732754804.862104893 104 154
14 1732754804.862104893 55 187
0 1732754805.112104893 149 275
1 1732754805.112104893 122 324
2 1732754805.112104893 113 341
3 1732754805.112104893 138 292
4 1732754805.112104893 423 282
5 1732754805.112104893 101 364
6 1732754805.112104893 129 310
7 1732754805.112104893 316 251
8 1732754805.112104893 111 131
9 1732754805.112104893 348 252
10 1732754805.112104893 424 303
11 1732754805.112104893 383 25
12 1732754805.112104893 20 216
13 1732754805.112104893 107 155
14 1732754805.112104893 57 187
0 1732754805.362104893 146 277
1 1732754805.362104893 124 328
2 1732754805.362104893 111 343
3 1732754805.362104893 137 295
4 1732754805.362104893 423 286
5 1732754805.362104893 97 364
6 1732754805.362104893 129 315
7 1732754805.362104893 315 254
8 1732754805.362104893 108 132
9 1732754805.362104893 347 254
10 1732754805.362104893 426 306
11 1732754805.362104893 383 28
12 1732754805.362104893 20 220
13 1732754805.362104893 102 156
14 1732754805.362104893 56 192
0 1732754805.612104893 145 281
1 1732754805.612104893 124 333
2 1732754805.612104893 112 346
3 1732754805.612104893 136 301
4 1732754805.612104893 424 288
5 1732754805.612104893 97 369
6 1732754805.612104893 129 319
7 1732754805.612104893 316 254
8 1732754805.612104893 109 134
9 1732754805.612104893 347 255
10 1732754805.612104893 427 307
11 1732754805.612104893 384 29
12 1732754805.612104893 20 221
13 1732754805.612104893 102 158
14 1732754805.612104893 56 193
0 1732754805.862104893 146 284
1 1732754805.862104893 126 334
2 1732754805.862104893 114 348
3 1732754805.862104893 137 303
4 1732754805.862104893 425 289
5 1732754805.862104893 98 372
6 1732754805.862104893 131 320
7 1732754805.862104893 317 255
8 1732754805.862104893 110 135
9 1732754805.862104893 348 255
10 1732754805.862104893 428 307
11 1732754805.862104893 383 29
12 1732754805.862104893 21 222
13 1732754805.862104893 102 159
14 1732754805.862104893 58 194
0 1732754806.112104893 147 284
1 1732754806.112104893 128 335
2 1732754806.112104893 116 349
3 1732754806.112104893 140 304
4 1732754806.112104893 427 290
5 1732754806.112104893 99 374
6 1732754806.112104893 133 322
7 1732754806.112104893 318 256
8 1732754806.112104893 111 134
9 1732754806.112104893 349 256
10 1732754806.112104893 431 309
11 1732754806.112104893 383 30
12 1732754806.112104893 22 222
13 1732754806.112104893 103 160
14 1732754806.112104893 59 195
0 1732754806.362104893 148 284
1 1732754806.362104893 128 336
2 1732754806.362104893 117 350
3 1732754806.362104893 140 304
4 1732754806.362104893 428 291
5 1732754806.362104893 101 376
6 1732754806.362104893 135 323
7 1732754806.362104893 320 257
8 1732754806.362104893 114 134
9 1732754806.362104893 351 256
10 1732754806.362104893 433 310
11 1732754806.362104893 383 30
12 1732754806.362104893 23 223
13 1732754806.362104893 104 161
14 1732754806.362104893 61 195
0 1732754806.612104893 149 284
1 1732754806.612104893 128 335
2 1732754806.612104893 118 350
3 1732754806.612104893 141 304
4 1732754806.612104893 430 291
5 1732754806.612104893 102 377
6 1732754806.612104893 135 324
7 1732754806.612104893 321 257
8 1732754806.612104893 115 134
9 1732754806.612104893 352 257
10 1732754806.612104893 435 311
11 1732754806.612104893 383 30
12 1732754806.612104893 25 224
13 1732754806.612104893 104 161
14 1732754806.612104893 63 196
0 1732754806.862104893 149 284
1 1732754806.862104893 129 335
2 1732754806.862104893 119 350
3 1732754806.862104893 142 304
4 1732754806.862104893 431 291
5 1732754806.862104893 104 378
6 1732754806.862104893 137 325
7 1732754806.862104893 323 257
8 1732754806.862104893 116 134
9 1732754806.862104893 353 257
10 1732754806.862104893 437 312
11 1732754806.862104893 383 31
12 1732754806.862104893 26 224
13 1732754806.862104893 105 161
14 1732754806.862104893 64 196
0 1732754807.112104893 150 285
1 1732754807.112104893 129 335
2 1732754807.112104893 120 350
3 1732754807.112104893 142 304
4 1732754807.112104893 433 291
5 1732754807.112104893 105 379
6 1732754807.112104893 137 324
7 1732754807.112104893 324 258
8 1732754807.112104893 117 133
9 1732754807.112104893 355 258
10 1732754807.112104893 439 312
11 1732754807.112104893 383 31
12 1732754807.112104893 27 224
13 1732754807.112104893 106 160
14 1732754807.112104893 65 196
0 1732754807.362104893 152 284
1 1732754807.362104893 131 336
2 1732754807.362104893 120 350
3 1732754807.362104893 143 304
4 1732754807.362104893 434 292
5 1732754807.362104893 107 379
6 1732754807.362104893 138 325
7 1732754807.362104893 325 258
8 1732754807.362104893 118 133
9 1732754807.362104893 356 258
10 1732754807.362104893 441 313
11 1732754807.362104893 383 32
12 1732754807.362104893 27 225
13 1732754807.362104893 107 160
14 1732754807.362104893 66 197
0 1732754807.612104893 152 285
1 1732754807.612104893 131 336
2 1732754807.612104893 120 349
3 1732754807.612104893 142 304
4 1732754807.612104893 435 292
5 1732754807.612104893 107 378
6 1732754807.612104893 139 326
7 1732754807.612104893 326 258
8 1732754807.612104893 119 132
9 1732754807.612104893 357 258
10 1732754807.612104893 442 313
11 1732754807.612104893 383 33
12 1732754807.612104893 29 225
13 1732754807.612104893 108 159
14 1732754807.612104893 67 197
0 1732754807.862104893 153 284
1 1732754807.862104893 132 336
2 1732754807.862104893 120 348
3 1732754807.862104893 143 304
4 1732754807.862104893 436 292
5 1732754807.862104893 109 379
6 1732754807.862104893 139 326
7 1732754807.862104893 327 259
8 1732754807.862104893 120 132
9 1732754807.862104893 358 259
10 1732754807.862104893 444 313
11 1732754807.862104893 384 33
12 1732754807.862104893 29 226
13 1732754807.862104893 109 158
14 1732754807.862104893 68 198
0 1732754808.112104893 153 284
1 1732754808.112104893 132 336
2 1732754808.112104893 121 348
3 1732754808.112104893 143 303
4 1732754808.112104893 437 292
5 1732754808.112104893 110 379
6 1732754808.112104893 140 327
7 1732754808.112104893 327 259
8 1732754808.112104893 121 131
9 1732754808.112104893 360 260
10 1732754808.112104893 445 314
11 1732754808.112104893 384 33
12 1732754808.112104893 30 226
13 1732754808.112104893 109 158
14 1732754808.112104893 69 198
0 1732754808.362104893 155 285
1 1732754808.362104893 133 336
2 1732754808.362104893 121 348
3 1732754808.362104893 145 304
4 1732754808.362104893 438 292
5 1732754808.362104893 111 380
6 1732754808.362104893 141 328
7 1732754808.362104893 328 260
8 1732754808.362104893 122 131
9 1732754808.362104893 361 260
10 1732754808.362104893 446 313
11 1732754808.362104893 384 34
12 1732754808.362104893 31 226
13 1732754808.362104893 110 158
14 1732754808.362104893 72 198
0 1732754808.612104893 154 284
1 1732754808.612104893 134 336
2 1732754808.612104893 121 347
3 1732754808.612104893 144 304
4 1732754808.612104893 438 292
5 1732754808.612104893 112 380
6 1732754808.612104893 142 328
7 1732754808.612104893 329 260
8 1732754808.612104893 122 130
9 1732754808.612104893 362 260
10 1732754808.612104893 447 313
11 1732754808.612104893 384 34
12 1732754808.612104893 32 227
13 1732754808.612104893 111 156
14 1732754808.612104893 73 197
0 1732754808.862104893 155 285
1 1732754808.862104893 135 336
2 1732754808.862104893 121 346
3 1732754808.862104893 145 304
4 1732754808.862104893 439 292
5 1732754808.862104893 112 380
6 1732754808.862104893 143 328
7 1732754808.862104893 330 261
8 1732754808.862104893 124 130
9 1732754808.862104893 363 260
10 1732754808.862104893 448 313
11 1732754808.862104893 384 34
12 1732754808.862104893 32 227
13 1732754808.862104893 111 156
14 1732754808.862104893 73 198
0 1732754809.112104893 156 285
1 1732754809.112104893 136 336
2 1732754809.112104893 122 346
3 1732754809.112104893 146 304
4 1732754809.112104893 440 291
5 1732754809.112104893 113 379
6 1732754809.112104893 143 328
7 1732754809.112104893 330 261
8 1732754809.112104893 124 129
9 1732754809.112104893 364 261
10 1732754809.112104893 449 313
11 1732754809.112104893 384 34
12 1732754809.112104893 33 227
13 1732754809.112104893 111 156
14 1732754809.112104893 73 197
0 1732754809.362104893 156 286
1 1732754809.362104893 137 337
2 1732754809.362104893 121 345
3 1732754809.362104893 146 305
4 1732754809.362104893 441 291
5 1732754809.362104893 114 380
6 1732754809.362104893 145 329
7 1732754809.362104893 331 261
8 1732754809.362104893 125 129
9 1732754809.362104893 364 261
10 1732754809.362104893 450 313
11 1732754809.362104893 384 35
12 1732754809.362104893 34 227
13 1732754809.362104893 111 155
14 1732754809.362104893 74 198
0 1732754809.612104893 156 285
1 1732754809.612104893 137 336
2 1732754809.612104893 121 345
3 1732754809.612104893 147 306
4 1732754809.612104893 441 291
5 1732754809.612104893 116 379
6 1732754809.612104893 146 329
7 1732754809.612104893 332 262
8 1732754809.612104893 125 128
9 1732754809.612104893 365 261
10 1732754809.612104893 451 314
11 1732754809.612104893 384 35
12 1732754809.612104893 34 228
13 1732754809.612104893 112 155
14 1732754809.612104893 75 197
0 1732754809.862104893 157 285
1 1732754809.862104893 139 337
2 1732754809.862104893 122 344
3 1732754809.862104893 147 306
4 1732754809.862104893 442 291
5 1732754809.862104893 116 378
6 1732754809.862104893 146 328
7 1732754809.862104893 332 262
8 1732754809.862104893 126 127
9 1732754809.862104893 366 262
10 1732754809.862104893 451 314
11 1732754809.862104893 385 33
12 1732754809.862104893 35 228
13 1732754809.862104893 111 154
14 1732754809.862104893 75 198
0 1732754810.112104893 157 284
1 1732754810.112104893 140 339
2 1732754810.112104893 123 344
3 1732754810.112104893 148 306
4 1732754810.112104893 442 290
5 1732754810.112104893 117 377
6 1732754810.112104893 146 328
7 1732754810.112104893 333 263
8 1732754810.112104893 127 126
9 1732754810.112104893 367 261
10 1732754810.112104893 452 314
11 1732754810.112104893 385 34
12 1732754810.112104893 35 228
13 1732754810.112104893 112 153
14 1732754810.112104893 77 198
0 1732754810.362104893 157 285
1 1732754810.362104893 142 338
2 1732754810.362104893 124 344
3 1732754810.362104893 148 306
4 1732754810.362104893 443 290
5 1732754810.362104893 118 376
6 1732754810.362104893 147 329
7 1732754810.362104893 334 263
8 1732754810.362104893 128 125
9 1732754810.362104893 367 261
10 1732754810.362104893 453 314
11 1732754810.362104893 385 33
12 1732754810.362104893 36 228
13 1732754810.362104893 110 152
14 1732754810.362104893 78 200
0 1732754810.612104893 158 285
1 1732754810.612104893 142 339
2 1732754810.612104893 124 343
3 1732754810.612104893 149 306
4 1732754810.612104893 444 290
5 1732754810.612104893 120 376
6 1732754810.612104893 146 327
7 1732754810.612104893 334 263
8 1732754810.612104893 129 123
9 1732754810.612104893 368 261
10 1732754810.612104893 454 313
11 1732754810.612104893 385 34
12 1732754810.612104893 37 230
13 1732754810.612104893 112 153
14 1732754810.612104893 79 201
0 1732754810.862104893 159 285
1 1732754810.862104893 144 340
2 1732754810.862104893 125 343
3 1732754810.862104893 148 306
4 1732754810.862104893 445 290
5 1732754810.862104893 121 376
6 1732754810.862104893 147 328
7 1732754810.862104893 334 264
8 1732754810.862104893 130 122
9 1732754810.862104893 369 261
10 1732754810.862104893 455 313
11 1732754810.862104893 385 34
12 1732754810.862104893 38 230
13 1732754810.862104893 112 152
14 1732754810.862104893 82 204
0 1732754811.112104893 161 284
1 1732754811.112104893 145 341
2 1732754811.112104893 126 343
3 1732754811.112104893 149 306
4 1732754811.112104893 445 289
5 1732754811.112104893 121 376
6 1732754811.112104893 148 329
7 1732754811.112104893 335 264
8 1732754811.112104893 131 121
9 1732754811.112104893 370 261
10 1732754811.112104893 456 313
11 1732754811.112104893 386 35
12 1732754811.112104893 39 231
13 1732754811.112104893 112 151
14 1732754811.112104893 82 204
0 1732754811.362104893 161 284
1 1732754811.362104893 146 341
2 1732754811.362104893 127 343
3 1732754811.362104893 149 305
4 1732754811.362104893 446 289
5 1732754811.362104893 123 374
6 1732754811.362104893 148 329
7 1732754811.362104893 335 264
8 1732754811.362104893 132 120
9 1732754811.362104893 371 262
10 1732754811.362104893 457 313
11 1732754811.362104893 385 35
12 1732754811.362104893 40 230
13 1732754811.362104893 112 151
14 1732754811.362104893 84 205
0 1732754811.612104893 162 283
1 1732754811.612104893 147 342
2 1732754811.612104893 128 342
3 1732754811.612104893 149 306
4 1732754811.612104893 446 288
5 1732754811.612104893 124 373
6 1732754811.612104893 149 329
7 1732754811.612104893 336 265
8 1732754811.612104893 133 119
9 1732754811.612104893 371 262
10 1732754811.612104893 457 312
11 1732754811.612104893 385 33
12 1732754811.612104893 41 231
13 1732754811.612104893 113 150
14 1732754811.612104893 86 206
0 1732754811.862104893 162 283
1 1732754811.862104893 147 342
2 1732754811.862104893 128 342
3 1732754811.862104893 150 305
4 1732754811.862104893 448 287
5 1732754811.862104893 125 373
6 1732754811.862104893 149 329
7 1732754811.862104893 336 265
8 1732754811.862104893 133 117
9 1732754811.862104893 372 262
10 1732754811.862104893 459 312
11 1732754811.862104893 386 34
12 1732754811.862104893 41 232
13 1732754811.862104893 112 150
14 1732754811.862104893 87 207
0 1732754812.112104893 163 282
1 1732754812.112104893 148 342
2 1732754812.112104893 129 341
3 1732754812.112104893 150 305
4 1732754812.112104893 449 288
5 1732754812.112104893 126 372
6 1732754812.112104893 149 330
7 1732754812.112104893 337 265
8 1732754812.112104893 134 116
9 1732754812.112104893 373 263
10 1732754812.112104893 460 312
11 1732754812.112104893 387 33
12 1732754812.112104893 42 232
13 1732754812.112104893 114 150
14 1732754812.112104893 89 208
0 1732754812.362104893 163 286
1 1732754812.362104893 150 347
2 1732754812.362104893 129 344
3 1732754812.362104893 151 309
4 1732754812.362104893 447 290
5 1732754812.362104893 126 376
6 1732754812.362104893 150 334
7 1732754812.362104893 336 267
8 1732754812.362104893 132 118
9 1732754812.362104893 369 261
10 1732754812.362104893 458 315
11 1732754812.362104893 386 34
12 1732754812.362104893 43 235
13 1732754812.362104893 114 153
14 1732754812.362104893 90 212
0 1732754812.612104893 163 286
1 1732754812.612104893 151 347
2 1732754812.612104893 130 345
3 1732754812.612104893 152 310
4 1732754812.612104893 447 291
5 1732754812.612104893 128 376
6 1732754812.612104893 151 334
7 1732754812.612104893 337 268
8 1732754812.612104893 133 119
9 1732754812.612104893 369 262
10 1732754812.612104893 457 315
11 1732754812.612104893 387 35
12 1732754812.612104893 44 235
13 1732754812.612104893 115 153
14 1732754812.612104893 91 213
0 1732754812.862104893 164 286
1 1732754812.862104893 152 347
2 1732754812.862104893 131 345
3 1732754812.862104893 153 310
4 1732754812.862104893 447 290
5 1732754812.862104893 130 376
6 1732754812.862104893 152 335
7 1732754812.862104893 337 268
8 1732754812.862104893 135 120
9 1732754812.862104893 370 262
10 1732754812.862104893 457 316
11 1732754812.862104893 388 36
12 1732754812.862104893 45 236
13 1732754812.862104893 116 153
14 1732754812.862104893 92 213
0 1732754813.112104893 165 285
1 1732754813.112104893 154 347
2 1732754813.112104893 131 345
3 1732754813.112104893 155 310
4 1732754813.112104893 447 290
5 1732754813.112104893 132 376
6 1732754813.112104893 153 334
7 1732754813.112104893 339 269
8 1732754813.112104893 137 120
9 1732754813.112104893 371 263
10 1732754813.112104893 459 316
11 1732754813.112104893 389 37
12 1732754813.112104893 46 236
13 1732754813.112104893 118 153
14 1732754813.112104893 93 213
0 1732754813.362104893 166 285
1 1732754813.362104893 155 347
2 1732754813.362104893 132 344
3 1732754813.362104893 156 311
4 1732754813.362104893 447 290
5 1732754813.362104893 133 377
6 1732754813.362104893 154 335
7 1732754813.362104893 340 270
8 1732754813.362104893 138 120
9 1732754813.362104893 372 263
10 1732754813.362104893 460 317
11 1732754813.362104893 390 37
12 1732754813.362104893 47 237
13 1732754813.362104893 119 153
14 1732754813.362104893 95 214
0 1732754813.612104893 166 284
1 1732754813.612104893 156 346
2 1732754813.612104893 133 344
3 1732754813.612104893 157 311
4 1732754813.612104893 448 290
5 1732754813.612104893 134 377
6 1732754813.612104893 154 335
7 1732754813.612104893 342 270
8 1732754813.612104893 140 120
9 1732754813.612104893 374 264
10 1732754813.612104893 462 318
11 1732754813.612104893 390 37
12 1732754813.612104893 48 237
13 1732754813.612104893 120 153
14 1732754813.612104893 96 213
0 1732754813.862104893 166 284
1 1732754813.862104893 157 346
2 1732754813.862104893 133 344
3 1732754813.862104893 158 312
4 1732754813.862104893 448 290
5 1732754813.862104893 134 376
6 1732754813.862104893 155 335
7 1732754813.862104893 343 271
8 1732754813.862104893 142 120
9 1732754813.862104893 375 265
10 1732754813.862104893 463 318
11 1732754813.862104893 391 37
12 1732754813.862104893 49 237
13 1732754813.862104893 121 152
14 1732754813.862104893 97 214
0 1732754814.112104893 167 283
1 1732754814.112104893 157 346
2 1732754814.112104893 134 344
3 1732754814.112104893 158 312
4 1732754814.112104893 448 289
5 1732754814.112104893 135 376
6 1732754814.112104893 156 335
7 1732754814.112104893 344 271
8 1732754814.112104893 143 120
9 1732754814.112104893 377 265
10 1732754814.112104893 465 319
11 1732754814.112104893 390 37
12 1732754814.112104893 48 236
13 1732754814.112104893 122 152
14 1732754814.112104893 98 213
0 1732754814.362104893 167 283
1 1732754814.362104893 158 346
2 1732754814.362104893 134 344
3 1732754814.362104893 159 312
4 1732754814.362104893 449 289
5 1732754814.362104893 136 376
6 1732754814.362104893 157 335
7 1732754814.362104893 345 272
8 1732754814.362104893 145 120
9 1732754814.362104893 378 266
10 1732754814.362104893 467 320
11 1732754814.362104893 390 37
12 1732754814.362104893 48 235
13 1732754814.362104893 121 151
14 1732754814.362104893 99 213
0 1732754814.612104893 167 282
1 1732754814.612104893 159 345
2 1732754814.612104893 135 344
3 1732754814.612104893 159 312
4 1732754814.612104893 450 288
5 1732754814.612104893 136 376
6 1732754814.612104893 158 335
7 1732754814.612104893 346 272
8 1732754814.612104893 147 120
9 1732754814.612104893 379 267
10 1732754814.612104893 469 321
11 1732754814.612104893 390 36
12 1732754814.612104893 48 233
13 1732754814.612104893 121 151
14 1732754814.612104893 100 212
0 1732754814.862104893 167 281
1 1732754814.862104893 159 345
2 1732754814.862104893 136 344
3 1732754814.862104893 160 313
4 1732754814.862104893 450 288
5 1732754814.862104893 137 376
6 1732754814.862104893 159 335
7 1732754814.862104893 348 272
8 1732754814.862104893 148 120
9 1732754814.862104893 381 267
10 1732754814.862104893 471 322
11 1732754814.862104893 390 35
12 1732754814.862104893 48 232
13 1732754814.862104893 122 151
14 1732754814.862104893 101 212
0 1732754815.112104893 168 281
1 1732754815.112104893 160 344
2 1732754815.112104893 136 343
3 1732754815.112104893 161 313
4 1732754815.112104893 451 288
5 1732754815.112104893 138 376
6 1732754815.112104893 159 334
7 1732754815.112104893 349 272
8 1732754815.112104893 150 120
9 1732754815.112104893 382 268
10 1732754815.112104893 473 322
11 1732754815.112104893 389 35
12 1732754815.112104893 49 234
13 1732754815.112104893 122 151
14 1732754815.112104893 102 211
0 1732754815.362104893 167 280
1 1732754815.362104893 161 344
2 1732754815.362104893 137 344
3 1732754815.362104893 161 313
4 1732754815.362104893 451 288
5 1732754815.362104893 139 376
6 1732754815.362104893 159 334
7 1732754815.362104893 350 273
8 1732754815.362104893 152 120
9 1732754815.362104893 383 268
10 1732754815.362104893 475 323
11 1732754815.362104893 389 35
12 1732754815.362104893 50 233
13 1732754815.362104893 123 150
14 1732754815.362104893 103 212
0 1732754815.612104893 167 283
1 1732754815.612104893 160 347
2 1732754815.612104893 136 347
3 1732754815.612104893 160 316
4 1732754815.612104893 450 291
5 1732754815.612104893 138 379
6 1732754815.612104893 159 338
7 1732754815.612104893 349 275
8 1732754815.612104893 153 123
9 1732754815.612104893 378 266
10 1732754815.612104893 473 325
11 1732754815.612104893 388 37
12 1732754815.612104893 49 236
13 1732754815.612104893 122 153
14 1732754815.612104893 102 216
0 1732754815.862104893 167 283
1 1732754815.862104893 161 347
2 1732754815.862104893 137 347
3 1732754815.862104893 161 317
4 1732754815.862104893 451 291
5 1732754815.862104893 138 380
6 1732754815.862104893 160 338
7 1732754815.862104893 350 276
8 1732754815.862104893 154 123
9 1732754815.862104893 379 267
10 1732754815.862104893 474 327
11 1732754815.862104893 388 36
12 1732754815.862104893 50 236
13 1732754815.862104893 122 153
14 1732754815.862104893 102 216
0 1732754816.112104893 167 282
1 1732754816.112104893 161 347
2 1732754816.112104893 136 346
3 1732754816.112104893 161 317
4 1732754816.112104893 451 291
5 1732754816.112104893 138 380
6 1732754816.112104893 159 338
7 1732754816.112104893 352 277
8 1732754816.112104893 155 124
9 1732754816.112104893 379 267
10 1732754816.112104893 474 327
11 1732754816.112104893 389 36
12 1732754816.112104893 51 236
13 1732754816.112104893 121 153
14 1732754816.112104893 102 215
0 1732754816.362104893 168 283
1 1732754816.362104893 161 347
2 1732754816.362104893 137 346
3 1732754816.362104893 162 317
4 1732754816.362104893 451 291
5 1732754816.362104893 139 380
6 1732754816.362104893 159 339
7 1732754816.362104893 354 278
8 1732754816.362104893 156 125
9 1732754816.362104893 381 268
10 1732754816.362104893 476 328
11 1732754816.362104893 390 37
12 1732754816.362104893 52 237
13 1732754816.362104893 122 153
14 1732754816.362104893 103 215
0 1732754816.612104893 169 283
1 1732754816.612104893 162 347
2 1732754816.612104893 138 345
3 1732754816.612104893 163 318
4 1732754816.612104893 453 292
5 1732754816.612104893 140 380
6 1732754816.612104893 160 339
7 1732754816.612104893 356 279
8 1732754816.612104893 158 125
9 1732754816.612104893 383 269
10 1732754816.612104893 478 328
11 1732754816.612104893 391 38
12 1732754816.612104893 54 238
13 1732754816.612104893 123 153
14 1732754816.612104893 106 215
0 1732754816.862104893 171 284
1 1732754816.862104893 164 348
2 1732754816.862104893 139 345
3 1732754816.862104893 164 318
4 1732754816.862104893 455 294
5 1732754816.862104893 141 380
6 1732754816.862104893 162 340
7 1732754816.862104893 358 279
8 1732754816.862104893 160 126
9 1732754816.862104893 385 270
10 1732754816.862104893 480 328
11 1732754816.862104893 391 36
12 1732754816.862104893 55 238
13 1732754816.862104893 124 154
14 1732754816.862104893 108 216
0 1732754817.112104893 172 284
1 1732754817.112104893 165 348
2 1732754817.112104893 139 344
3 1732754817.112104893 165 319
4 1732754817.112104893 456 294
5 1732754817.112104893 142 380
6 1732754817.112104893 163 340
7 1732754817.112104893 360 279
8 1732754817.112104893 162 127
9 1732754817.112104893 387 271
10 1732754817.112104893 481 328
11 1732754817.112104893 392 36
12 1732754817.112104893 56 238
13 1732754817.112104893 125 154
14 1732754817.112104893 109 215
0 1732754817.362104893 174 284
1 1732754817.362104893 166 348
2 1732754817.362104893 140 343
3 1732754817.362104893 166 319
4 1732754817.362104893 458 296
5 1732754817.362104893 143 380
6 1732754817.362104893 164 340
7 1732754817.362104893 362 279
8 1732754817.362104893 164 127
9 1732754817.362104893 388 272
10 1732754817.362104893 483 328
11 1732754817.362104893 393 37
12 1732754817.362104893 57 239
13 1732754817.362104893 126 154
14 1732754817.362104893 110 215
0 1732754817.612104893 175 284
1 1732754817.612104893 167 348
2 1732754817.612104893 140 342
3 1732754817.612104893 167 319
4 1732754817.612104893 460 297
5 1732754817.612104893 144 379
6 1732754817.612104893 165 339
7 1732754817.612104893 363 278
8 1732754817.612104893 166 128
9 1732754817.612104893 390 272
10 1732754817.612104893 484 327
11 1732754817.612104893 393 36
12 1732754817.612104893 58 239
13 1732754817.612104893 127 155
14 1732754817.612104893 110 213
0 1732754817.862104893 176 284
1 1732754817.862104893 168 349
2 1732754817.862104893 141 341
3 1732754817.862104893 168 319
4 1732754817.862104893 462 298
5 1732754817.862104893 144 378
6 1732754817.862104893 165 338
7 1732754817.862104893 365 278
8 1732754817.862104893 168 128
9 1732754817.862104893 391 273
10 1732754817.862104893 485 327
11 1732754817.862104893 394 36
12 1732754817.862104893 60 241
13 1732754817.862104893 128 155
14 1732754817.862104893 111 213
0 1732754818.112104893 177 284
1 1732754818.112104893 170 350
2 1732754818.112104893 141 339
3 1732754818.112104893 169 319
4 1732754818.112104893 462 297
5 1732754818.112104893 145 377
6 1732754818.112104893 166 337
7 1732754818.112104893 366 277
8 1732754818.112104893 170 127
9 1732754818.112104893 393 273
10 1732754818.112104893 486 326
11 1732754818.112104893 394 37
12 1732754818.112104893 61 242
13 1732754818.112104893 128 154
14 1732754818.112104893 112 212
0 1732754818.362104893 179 284
1 1732754818.362104893 172 350
2 1732754818.362104893 141 338
3 1732754818.362104893 169 319
4 1732754818.362104893 462 296
5 1732754818.362104893 145 377
6 1732754818.362104893 166 337
7 1732754818.362104893 368 276
8 1732754818.362104893 171 127
9 1732754818.362104893 394 273
10 1732754818.362104893 488 326
11 1732754818.362104893 395 37
12 1732754818.362104893 61 241
13 1732754818.362104893 129 154
14 1732754818.362104893 114 212
0 1732754818.612104893 180 284
1 1732754818.612104893 172 350
2 1732754818.612104893 141 336
3 1732754818.612104893 170 318
4 1732754818.612104893 465 296
5 1732754818.612104893 146 376
6 1732754818.612104893 167 336
7 1732754818.612104893 369 275
8 1732754818.612104893 172 126
9 1732754818.612104893 396 273
10 1732754818.612104893 489 325
11 1732754818.612104893 395 34
12 1732754818.612104893 62 240
13 1732754818.612104893 130 154
14 1732754818.612104893 114 212
0 1732754818.862104893 180 283
1 1732754818.862104893 174 350
2 1732754818.862104893 142 335
3 1732754818.862104893 170 317
4 1732754818.862104893 467 296
5 1732754818.862104893 146 374
6 1732754818.862104893 168 334
7 1732754818.862104893 371 274
8 1732754818.862104893 173 126
9 1732754818.862104893 398 274
10 1732754818.862104893 491 324
11 1732754818.862104893 395 34
12 1732754818.862104893 63 240
13 1732754818.862104893 130 154
14 1732754818.862104893 115 210
0 1732754819.112104893 181 282
1 1732754819.112104893 174 350
2 1732754819.112104893 142 333
3 1732754819.112104893 170 316
4 1732754819.112104893 467 294
5 1732754819.112104893 146 373
6 1732754819.112104893 169 334
7 1732754819.112104893 373 274
8 1732754819.112104893 174 125
9 1732754819.112104893 399 275
10 1732754819.112104893 492 323
11 1732754819.112104893 395 36
12 1732754819.112104893 62 238
13 1732754819.112104893 130 154
14 1732754819.112104893 116 211
0 1732754819.362104893 182 281
1 1732754819.362104893 175 349
2 1732754819.362104893 142 331
3 1732754819.362104893 171 315
4 1732754819.362104893 468 294
5 1732754819.362104893 146 372
6 1732754819.362104893 170 333
7 1732754819.362104893 374 273
8 1732754819.362104893 176 125
9 1732754819.362104893 401 275
10 1732754819.362104893 494 322
11 1732754819.362104893 394 33
12 1732754819.362104893 61 236
13 1732754819.362104893 131 153
14 1732754819.362104893 117 213
0 1732754819.612104893 182 284
1 1732754819.612104893 175 352
2 1732754819.612104893 142 333
3 1732754819.612104893 171 319
4 1732754819.612104893 467 298
5 1732754819.612104893 146 374
6 1732754819.612104893 170 335
7 1732754819.612104893 374 273
8 1732754819.612104893 175 126
9 1732754819.612104893 397 273
10 1732754819.612104893 493 325
11 1732754819.612104893 394 35
12 1732754819.612104893 60 239
13 1732754819.612104893 131 156
14 1732754819.612104893 118 216
0 1732754819.862104893 183 284
1 1732754819.862104893 175 353
2 1732754819.862104893 141 332
3 1732754819.862104893 171 319
4 1732754819.862104893 467 298
5 1732754819.862104893 147 374
6 1732754819.862104893 171 336
7 1732754819.862104893 373 274
8 1732754819.862104893 176 127
9 1732754819.862104893 396 274
10 1732754819.862104893 494 327
11 1732754819.862104893 394 35
12 1732754819.862104893 60 238
13 1732754819.862104893 131 156
14 1732754819.862104893 118 216
0 1732754820.112104893 183 288
1 1732754820.112104893 175 356
2 1732754820.112104893 137 330
3 1732754820.112104893 170 322
4 1732754820.112104893 468 302
5 1732754820.112104893 145 375
6 1732754820.112104893 168 336
7 1732754820.112104893 370 274
8 1732754820.112104893 177 128
9 1732754820.112104893 395 275
10 1732754820.112104893 491 326
11 1732754820.112104893 394 37
12 1732754820.112104893 61 242
13 1732754820.112104893 132 160
14 1732754820.112104893 121 219
0 1732754820.362104893 183 288
1 1732754820.362104893 176 357
2 1732754820.362104893 136 329
3 1732754820.362104893 169 322
4 1732754820.362104893 469 302
5 1732754820.362104893 145 375
6 1732754820.362104893 169 337
7 1732754820.362104893 368 277
8 1732754820.362104893 177 129
9 1732754820.362104893 394 276
10 1732754820.362104893 490 327
11 1732754820.362104893 394 37
12 1732754820.362104893 62 242
13 1732754820.362104893 133 160
14 1732754820.362104893 122 220
0 1732754820.612104893 182 288
1 1732754820.612104893 177 358
2 1732754820.612104893 136 328
3 1732754820.612104893 170 322
4 1732754820.612104893 469 303
5 1732754820.612104893 144 374
6 1732754820.612104893 170 337
7 1732754820.612104893 368 277
8 1732754820.612104893 179 130
9 1732754820.612104893 394 276
10 1732754820.612104893 491 327
11 1732754820.612104893 394 38
12 1732754820.612104893 63 243
13 1732754820.612104893 135 160
14 1732754820.612104893 123 220
0 1732754820.862104893 182 290
1 1732754820.862104893 177 359
2 1732754820.862104893 135 330
3 1732754820.862104893 169 325
4 1732754820.862104893 469 305
5 1732754820.862104893 144 375
6 1732754820.862104893 167 336
7 1732754820.862104893 368 279
8 1732754820.862104893 179 131
9 1732754820.862104893 394 278
10 1732754820.862104893 491 329
11 1732754820.862104893 393 40
12 1732754820.862104893 62 245
13 1732754820.862104893 134 163
14 1732754820.862104893 123 223
0 1732754821.112104893 181 290
1 1732754821.112104893 177 359
2 1732754821.112104893 136 328
3 1732754821.112104893 170 325
4 1732754821.112104893 469 305
5 1732754821.112104893 144 374
6 1732754821.112104893 165 338
7 1732754821.112104893 368 280
8 1732754821.112104893 178 131
9 1732754821.112104893 393 278
10 1732754821.112104893 492 329
11 1732754821.112104893 393 41
12 1732754821.112104893 63 246
13 1732754821.112104893 135 163
14 1732754821.112104893 123 223
0 1732754821.362104893 180 290
1 1732754821.362104893 177 360
2 1732754821.362104893 136 328
3 1732754821.362104893 168 325
4 1732754821.362104893 468 305
5 1732754821.362104893 144 373
6 1732754821.362104893 164 339
7 1732754821.362104893 368 281
8 1732754821.362104893 179 131
9 1732754821.362104893 392 278
10 1732754821.362104893 491 328
11 1732754821.362104893 392 41
12 1732754821.362104893 64 246
13 1732754821.362104893 135 163
14 1732754821.362104893 123 223
0 1732754821.612104893 180 290
1 1732754821.612104893 178 361
2 1732754821.612104893 136 327
3 1732754821.612104893 168 325
4 1732754821.612104893 467 305
5 1732754821.612104893 144 372
6 1732754821.612104893 165 339
7 1732754821.612104893 368 282
8 1732754821.612104893 181 131
9 1732754821.612104893 394 278
10 1732754821.612104893 492 328
11 1732754821.612104893 393 42
12 1732754821.612104893 66 247
13 1732754821.612104893 136 163
14 1732754821.612104893 123 223
0 1732754821.862104893 180 290
1 1732754821.862104893 180 361
2 1732754821.862104893 137 326
3 1732754821.862104893 169 326
4 1732754821.862104893 468 305
5 1732754821.862104893 146 372
6 1732754821.862104893 166 340
7 1732754821.862104893 370 282
8 1732754821.862104893 183 131
9 1732754821.862104893 396 279
10 1732754821.862104893 494 329
11 1732754821.862104893 393 42
12 1732754821.862104893 67 247
13 1732754821.862104893 136 163
14 1732754821.862104893 125 223
0 1732754822.112104893 180 291
1 1732754822.112104893 182 361
2 1732754822.112104893 138 325
3 1732754822.112104893 170 325
4 1732754822.112104893 468 305
5 1732754822.112104893 147 372
6 1732754822.112104893 167 341
7 1732754822.112104893 371 282
8 1732754822.112104893 185 131
9 1732754822.112104893 397 279
10 1732754822.112104893 496 329
11 1732754822.112104893 393 41
12 1732754822.112104893 68 246
13 1732754822.112104893 137 163
14 1732754822.112104893 127 223
0 1732754822.362104893 180 291
1 1732754822.362104893 183 361
2 1732754822.362104893 139 324
3 1732754822.362104893 170 325
4 1732754822.362104893 469 305
5 1732754822.362104893 148 371
6 1732754822.362104893 168 342
7 1732754822.362104893 373 282
8 1732754822.362104893 187 130
9 1732754822.362104893 399 280
10 1732754822.362104893 498 329
11 1732754822.362104893 394 41
12 1732754822.362104893 70 248
13 1732754822.362104893 138 163
14 1732754822.362104893 129 224
0 1732754822.612104893 181 290
1 1732754822.612104893 185 361
2 1732754822.612104893 140 323
3 1732754822.612104893 171 324
4 1732754822.612104893 470 304
5 1732754822.612104893 149 371
6 1732754822.612104893 169 342
7 1732754822.612104893 375 282
8 1732754822.612104893 189 130
9 1732754822.612104893 401 280
10 1732754822.612104893 500 329
11 1732754822.612104893 395 41
12 1732754822.612104893 71 247
13 1732754822.612104893 139 162
14 1732754822.612104893 130 224
0 1732754822.862104893 181 289
1 1732754822.862104893 186 361
2 1732754822.862104893 141 322
3 1732754822.862104893 171 323
4 1732754822.862104893 471 304
5 1732754822.862104893 150 370
6 1732754822.862104893 170 343
7 1732754822.862104893 376 281
8 1732754822.862104893 191 130
9 1732754822.862104893 403 281
10 1732754822.862104893 502 328
11 1732754822.862104893 394 40
12 1732754822.862104893 73 247
13 1732754822.862104893 140 162
14 1732754822.862104893 131 223
0 1732754823.112104893 182 293
1 1732754823.112104893 186 363
2 1732754823.112104893 139 321
3 1732754823.112104893 171 326
4 1732754823.112104893 471 306
5 1732754823.112104893 148 368
6 1732754823.112104893 172 345
7 1732754823.112104893 375 283
8 1732754823.112104893 192 132
9 1732754823.112104893 403 284
10 1732754823.112104893 498 331
11 1732754823.112104893 394 42
12 1732754823.112104893 72 250
13 1732754823.112104893 140 165
14 1732754823.112104893 131 226
0 1732754823.362104893 182 292
1 1732754823.362104893 185 361
2 1732754823.362104893 141 320
3 1732754823.362104893 171 325
4 1732754823.362104893 472 306
5 1732754823.362104893 148 368
6 1732754823.362104893 173 344
7 1732754823.362104893 377 285
8 1732754823.362104893 194 132
9 1732754823.362104893 404 284
10 1732754823.362104893 499 332
11 1732754823.362104893 394 41
12 1732754823.362104893 73 250
13 1732754823.362104893 141 166
14 1732754823.362104893 131 227
0 1732754823.612104893 181 291
1 1732754823.612104893 186 361
2 1732754823.612104893 142 319
3 1732754823.612104893 172 324
4 1732754823.612104893 472 306
5 1732754823.612104893 147 367
6 1732754823.612104893 174 344
7 1732754823.612104893 379 286
8 1732754823.612104893 196 132
9 1732754823.612104893 405 284
10 1732754823.612104893 499 331
11 1732754823.612104893 395 40
12 1732754823.612104893 73 251
13 1732754823.612104893 142 167
14 1732754823.612104893 132 227
0 1732754823.862104893 181 291
1 1732754823.862104893 188 361
2 1732754823.862104893 144 318
3 1732754823.862104893 173 324
4 1732754823.862104893 474 305
5 1732754823.862104893 147 366
6 1732754823.862104893 175 343
7 1732754823.862104893 382 288
8 1732754823.862104893 198 133
9 1732754823.862104893 407 285
10 1732754823.862104893 501 331
11 1732754823.862104893 396 41
12 1732754823.862104893 75 253
13 1732754823.862104893 144 168
14 1732754823.862104893 133 228
0 1732754824.112104893 182 291
1 1732754824.112104893 189 360
2 1732754824.112104893 146 318
3 1732754824.112104893 173 323
4 1732754824.112104893 475 305
5 1732754824.112104893 147 366
6 1732754824.112104893 175 343
7 1732754824.112104893 385 288
8 1732754824.112104893 201 134
9 1732754824.112104893 409 286
10 1732754824.112104893 503 332
11 1732754824.112104893 398 42
12 1732754824.112104893 76 254
13 1732754824.112104893 146 168
14 1732754824.112104893 135 228
0 1732754824.362104893 183 291
1 1732754824.362104893 191 360
2 1732754824.362104893 147 317
3 1732754824.362104893 174 322
4 1732754824.362104893 475 304
5 1732754824.362104893 148 366
6 1732754824.362104893 176 342
7 1732754824.362104893 387 288
8 1732754824.362104893 204 135
9 1732754824.362104893 411 287
10 1732754824.362104893 504 332
11 1732754824.362104893 399 41
12 1732754824.362104893 77 255
13 1732754824.362104893 147 167
14 1732754824.362104893 136 228
0 1732754824.612104893 184 290
1 1732754824.612104893 193 360
2 1732754824.612104893 149 317
3 1732754824.612104893 176 322
4 1732754824.612104893 476 303
5 1732754824.612104893 149 365
6 1732754824.612104893 177 341
7 1732754824.612104893 388 288
8 1732754824.612104893 207 137
9 1732754824.612104893 413 288
10 1732754824.612104893 506 332
11 1732754824.612104893 398 40
12 1732754824.612104893 78 257
13 1732754824.612104893 149 167
14 1732754824.612104893 137 228
0 1732754824.862104893 185 289
1 1732754824.862104893 194 360
2 1732754824.862104893 151 315
3 1732754824.862104893 176 321
4 1732754824.862104893 478 302
5 1732754824.862104893 150 365
6 1732754824.862104893 177 339
7 1732754824.862104893 390 287
8 1732754824.862104893 209 137
9 1732754824.862104893 415 287
10 1732754824.862104893 508 332
11 1732754824.862104893 399 41
12 1732754824.862104893 79 257
13 1732754824.862104893 150 167
14 1732754824.862104893 138 228
0 1732754825.112104893 186 288
1 1732754825.112104893 196 360
2 1732754825.112104893 152 314
3 1732754825.112104893 177 319
4 1732754825.112104893 480 302
5 1732754825.112104893 151 364
6 1732754825.112104893 178 338
7 1732754825.112104893 392 288
8 1732754825.112104893 210 138
9 1732754825.112104893 417 288
10 1732754825.112104893 510 332
11 1732754825.112104893 398 41
12 1732754825.112104893 80 257
13 1732754825.112104893 151 168
14 1732754825.112104893 139 227
0 1732754825.362104893 186 287
1 1732754825.362104893 197 359
2 1732754825.362104893 154 312
3 1732754825.362104893 178 318
4 1732754825.362104893 482 301
5 1732754825.362104893 151 362
6 1732754825.362104893 179 336
7 1732754825.362104893 393 286
8 1732754825.362104893 211 139
9 1732754825.362104893 418 287
10 1732754825.362104893 512 332
11 1732754825.362104893 399 39
12 1732754825.362104893 81 257
13 1732754825.362104893 152 168
14 1732754825.362104893 140 227
0 1732754825.612104893 186 289
1 1732754825.612104893 195 358
2 1732754825.612104893 154 314
3 1732754825.612104893 177 320
4 1732754825.612104893 482 304
5 1732754825.612104893 153 364
6 1732754825.612104893 180 338
7 1732754825.612104893 392 290
8 1732754825.612104893 212 141
9 1732754825.612104893 416 289
10 1732754825.612104893 508 335
11 1732754825.612104893 399 42
12 1732754825.612104893 80 261
13 1732754825.612104893 154 173
14 1732754825.612104893 139 230
0 1732754825.862104893 186 289
1 1732754825.862104893 197 359
2 1732754825.862104893 154 312
3 1732754825.862104893 177 319
4 1732754825.862104893 483 304
5 1732754825.862104893 154 363
6 1732754825.862104893 180 338
7 1732754825.862104893 393 292
8 1732754825.862104893 214 142
9 1732754825.862104893 417 289
10 1732754825.862104893 509 336
11 1732754825.862104893 399 43
12 1732754825.862104893 82 261
13 1732754825.862104893 155 174
14 1732754825.862104893 140 230
0 1732754826.112104893 187 289
1 1732754826.112104893 197 358
2 1732754826.112104893 155 310
3 1732754826.112104893 178 319
4 1732754826.112104893 483 304
5 1732754826.112104893 154 362
6 1732754826.112104893 180 337
7 1732754826.112104893 395 293
8 1732754826.112104893 215 143
9 1732754826.112104893 417 289
10 1732754826.112104893 509 336
11 1732754826.112104893 399 43
12 1732754826.112104893 82 261
13 1732754826.112104893 156 175
14 1732754826.112104893 141 229
0 1732754826.362104893 188 289
1 1732754826.362104893 198 357
2 1732754826.362104893 156 309
3 1732754826.362104893 179 319
4 1732754826.362104893 484 303
5 1732754826.362104893 155 361
6 1732754826.362104893 181 337
7 1732754826.362104893 398 294
8 1732754826.362104893 217 144
9 1732754826.362104893 418 289
10 1732754826.362104893 510 336
11 1732754826.362104893 399 43
12 1732754826.362104893 84 263
13 1732754826.362104893 157 175
14 1732754826.362104893 142 229
0 1732754826.612104893 189 289
1 1732754826.612104893 199 357
2 1732754826.612104893 158 307
3 1732754826.612104893 181 319
4 1732754826.612104893 483 302
5 1732754826.612104893 155 360
6 1732754826.612104893 182 337
7 1732754826.612104893 399 294
8 1732754826.612104893 219 145
9 1732754826.612104893 419 290
10 1732754826.612104893 511 336
11 1732754826.612104893 400 45
12 1732754826.612104893 86 265
13 1732754826.612104893 158 175
14 1732754826.612104893 145 229
0 1732754826.862104893 190 289
1 1732754826.862104893 200 356
2 1732754826.862104893 159 306
3 1732754826.862104893 182 318
4 1732754826.862104893 484 302
5 1732754826.862104893 156 359
6 1732754826.862104893 183 337
7 1732754826.862104893 401 293
8 1732754826.862104893 222 146
9 1732754826.862104893 420 291
10 1732754826.862104893 513 336
11 1732754826.862104893 400 45
12 1732754826.862104893 88 265
13 1732754826.862104893 159 175
14 1732754826.862104893 145 229
0 1732754827.112104893 192 288
1 1732754827.112104893 201 355
2 1732754827.112104893 161 304
3 1732754827.112104893 183 317
4 1732754827.112104893 485 302
5 1732754827.112104893 156 358
6 1732754827.112104893 184 336
7 1732754827.112104893 402 293
8 1732754827.112104893 224 147
9 1732754827.112104893 422 291
10 1732754827.112104893 515 337
11 1732754827.112104893 400 44
12 1732754827.112104893 87 265
13 1732754827.112104893 159 175
14 1732754827.112104893 147 229
0 1732754827.362104893 188 291
1 1732754827.362104893 196 352
2 1732754827.362104893 157 305
3 1732754827.362104893 180 321
4 1732754827.362104893 484 304
5 1732754827.362104893 158 362
6 1732754827.362104893 185 340
7 1732754827.362104893 400 296
8 1732754827.362104893 224 152
9 1732754827.362104893 420 295
10 1732754827.362104893 513 338
11 1732754827.362104893 399 45
12 1732754827.362104893 88 269
13 1732754827.362104893 157 178
14 1732754827.362104893 148 233
0 1732754827.612104893 188 292
1 1732754827.612104893 194 352
2 1732754827.612104893 157 307
3 1732754827.612104893 180 324
4 1732754827.612104893 483 307
5 1732754827.612104893 158 365
6 1732754827.612104893 184 343
7 1732754827.612104893 401 299
8 1732754827.612104893 225 156
9 1732754827.612104893 419 299
10 1732754827.612104893 512 339
11 1732754827.612104893 399 48
12 1732754827.612104893 88 272
13 1732754827.612104893 157 181
14 1732754827.612104893 148 236
0 1732754827.862104893 188 293
1 1732754827.862104893 193 353
2 1732754827.862104893 156 307
3 1732754827.862104893 180 323
4 1732754827.862104893 483 307
5 1732754827.862104893 157 363
6 1732754827.862104893 183 343
7 1732754827.862104893 402 300
8 1732754827.862104893 226 157
9 1732754827.862104893 420 300
10 1732754827.862104893 512 339
11 1732754827.862104893 401 49
12 1732754827.862104893 89 273
13 1732754827.862104893 158 181
14 1732754827.862104893 149 237
0 1732754828.112104893 188 293
1 1732754828.112104893 193 353
2 1732754828.112104893 155 307
3 1732754828.112104893 179 323
4 1732754828.112104893 482 307
5 1732754828.112104893 155 363
6 1732754828.112104893 182 342
7 1732754828.112104893 402 300
8 1732754828.112104893 226 158
9 1732754828.112104893 420 300
10 1732754828.112104893 512 339
11 1732754828.112104893 401 48
12 1732754828.112104893 90 274
13 1732754828.112104893 159 182
14 1732754828.112104893 150 238
0 1732754828.362104893 189 293
1 1732754828.362104893 193 354
2 1732754828.362104893 155 307
3 1732754828.362104893 179 323
4 1732754828.362104893 483 308
5 1732754828.362104893 154 362
6 1732754828.362104893 181 342
7 1732754828.362104893 404 301
8 1732754828.362104893 228 158
9 1732754828.362104893 420 301
10 1732754828.362104893 512 339
11 1732754828.362104893 399 47
12 1732754828.362104893 91 275
13 1732754828.362104893 160 182
14 1732754828.362104893 152 238
0 1732754828.612104893 190 294
1 1732754828.612104893 194 353
2 1732754828.612104893 156 307
3 1732754828.612104893 180 324
4 1732754828.612104893 484 308
5 1732754828.612104893 154 362
6 1732754828.612104893 180 342
7 1732754828.612104893 405 301
8 1732754828.612104893 230 159
9 1732754828.612104893 421 301
10 1732754828.612104893 514 339
11 1732754828.612104893 400 47
12 1732754828.612104893 93 276
13 1732754828.612104893 162 182
14 1732754828.612104893 154 238
0 1732754828.862104893 191 294
1 1732754828.862104893 194 353
2 1732754828.862104893 157 307
3 1732754828.862104893 181 324
4 1732754828.862104893 485 308
5 1732754828.862104893 155 362
6 1732754828.862104893 180 342
7 1732754828.862104893 407 302
8 1732754828.862104893 232 159
9 1732754828.862104893 422 302
10 1732754828.862104893 515 340
11 1732754828.862104893 399 46
12 1732754828.862104893 94 277
13 1732754828.862104893 163 182
14 1732754828.862104893 156 238
0 1732754829.112104893 190 295
1 1732754829.112104893 194 354
2 1732754829.112104893 156 309
3 1732754829.112104893 180 324
4 1732754829.112104893 485 310
5 1732754829.112104893 152 362
6 1732754829.112104893 180 344
7 1732754829.112104893 406 304
8 1732754829.112104893 233 161
9 1732754829.112104893 422 304
10 1732754829.112104893 514 340
11 1732754829.112104893 398 48
12 1732754829.112104893 95 280
13 1732754829.112104893 163 185
14 1732754829.112104893 156 240
0 1732754829.362104893 190 295
1 1732754829.362104893 194 354
2 1732754829.362104893 156 309
3 1732754829.362104893 182 324
4 1732754829.362104893 485 310
5 1732754829.362104893 153 362
6 1732754829.362104893 180 343
7 1732754829.362104893 407 304
8 1732754829.362104893 233 160
9 1732754829.362104893 422 305
10 1732754829.362104893 515 340
11 1732754829.362104893 398 47
12 1732754829.362104893 96 280
13 1732754829.362104893 164 184
14 1732754829.362104893 157 240
0 1732754829.612104893 190 295
1 1732754829.612104893 195 355
2 1732754829.612104893 156 309
3 1732754829.612104893 183 323
4 1732754829.612104893 484 309
5 1732754829.612104893 154 362
6 1732754829.612104893 180 343
7 1732754829.612104893 407 304
8 1732754829.612104893 234 160
9 1732754829.612104893 422 305
10 1732754829.612104893 517 340
11 1732754829.612104893 396 45
12 1732754829.612104893 97 281
13 1732754829.612104893 164 184
14 1732754829.612104893 157 239
0 1732754829.862104893 190 294
1 1732754829.862104893 196 355
2 1732754829.862104893 157 309
3 1732754829.862104893 184 323
4 1732754829.862104893 485 310
5 1732754829.862104893 154 362
6 1732754829.862104893 181 343
7 1732754829.862104893 408 305
8 1732754829.862104893 237 161
9 1732754829.862104893 423 305
10 1732754829.862104893 518 340
11 1732754829.862104893 396 45
12 1732754829.862104893 99 283
13 1732754829.862104893 166 184
14 1732754829.862104893 158 239
0 1732754830.112104893 191 294
1 1732754830.112104893 197 355
2 1732754830.112104893 159 309
3 1732754830.112104893 186 322
4 1732754830.112104893 486 310
5 1732754830.112104893 155 363
6 1732754830.112104893 183 343
7 1732754830.112104893 410 305
8 1732754830.112104893 239 161
9 1732754830.112104893 425 306
10 1732754830.112104893 520 340
11 1732754830.112104893 398 44
12 1732754830.112104893 101 284
13 1732754830.112104893 168 183
14 1732754830.112104893 161 239
0 1732754830.362104893 192 300
1 1732754830.362104893 197 357
2 1732754830.362104893 160 312
3 1732754830.362104893 186 323
4 1732754830.362104893 486 314
5 1732754830.362104893 154 368
6 1732754830.362104893 182 344
7 1732754830.362104893 411 310
8 1732754830.362104893 240 166
9 1732754830.362104893 426 310
10 1732754830.362104893 519 341
11 1732754830.362104893 397 47
12 1732754830.362104893 102 288
13 1732754830.362104893 169 187
14 1732754830.362104893 161 241
0 1732754830.612104893 192 300
1 1732754830.612104893 198 357
2 1732754830.612104893 161 312
3 1732754830.612104893 187 323
4 1732754830.612104893 486 314
5 1732754830.612104893 155 370
6 1732754830.612104893 183 342
7 1732754830.612104893 412 311
8 1732754830.612104893 239 167
9 1732754830.612104893 426 311
10 1732754830.612104893 522 341
11 1732754830.612104893 398 47
12 1732754830.612104893 104 289
13 1732754830.612104893 171 187
14 1732754830.612104893 163 243
0 1732754830.862104893 191 300
1 1732754830.862104893 200 357
2 1732754830.862104893 160 312
3 1732754830.862104893 188 322
4 1732754830.862104893 486 314
5 1732754830.862104893 155 370
6 1732754830.862104893 183 341
7 1732754830.862104893 412 311
8 1732754830.862104893 241 169
9 1732754830.862104893 427 311
10 1732754830.862104893 523 342
11 1732754830.862104893 398 47
12 1732754830.862104893 106 291
13 1732754830.862104893 171 187
14 1732754830.862104893 163 244
0 1732754831.112104893 191 300
1 1732754831.112104893 201 357
2 1732754831.112104893 161 312
3 1732754831.112104893 190 322
4 1732754831.112104893 487 314
5 1732754831.112104893 157 370
6 1732754831.112104893 184 340
7 1732754831.112104893 414 312
8 1732754831.112104893 244 170
9 1732754831.112104893 430 311
10 1732754831.112104893 525 343
11 1732754831.112104893 398 46
12 1732754831.112104893 109 292
13 1732754831.112104893 173 187
14 1732754831.112104893 166 243
0 1732754831.362104893 189 301
1 1732754831.362104893 198 358
2 1732754831.362104893 161 315
3 1732754831.362104893 188 326
4 1732754831.362104893 488 317
5 1732754831.362104893 156 373
6 1732754831.362104893 187 341
7 1732754831.362104893 416 316
8 1732754831.362104893 246 174
9 1732754831.362104893 428 315
10 1732754831.362104893 520 340
11 1732754831.362104893 399 50
12 1732754831.362104893 109 296
13 1732754831.362104893 176 190
14 1732754831.362104893 165 247
0 1732754831.612104893 187 300
1 1732754831.612104893 197 359
2 1732754831.612104893 161 316
3 1732754831.612104893 189 327
4 1732754831.612104893 488 318
5 1732754831.612104893 156 373
6 1732754831.612104893 187 341
7 1732754831.612104893 417 317
8 1732754831.612104893 247 175
9 1732754831.612104893 429 316
10 1732754831.612104893 520 342
11 1732754831.612104893 399 50
12 1732754831.612104893 111 298
13 1732754831.612104893 178 191
14 1732754831.612104893 166 249
0 1732754831.862104893 185 299
1 1732754831.862104893 197 360
2 1732754831.862104893 161 316
3 1732754831.862104893 189 328
4 1732754831.862104893 488 318
5 1732754831.862104893 157 374
6 1732754831.862104893 187 341
7 1732754831.862104893 418 319
8 1732754831.862104893 249 176
9 1732754831.862104893 431 317
10 1732754831.862104893 521 343
11 1732754831.862104893 397 49
12 1732754831.862104893 113 300
13 1732754831.862104893 180 191
14 1732754831.862104893 167 251
