0 1732754804.362104893 146 277
1 1732754804.362104893 119 325
2 1732754804.362104893 109 342
3 1732754804.362104893 134 293
4 1732754804.362104893 416 282
5 1732754804.362104893 97 364
6 1732754804.362104893 126 311
7 1732754804.362104893 312 251
8 1732754804.362104893 107 131
9 1732754804.362104893 344 251
10 1732754804.362104893 419 301
11 1732754804.362104893 382 29
12 1732754804.362104893 16 218
13 1732754804.362104893 102 154
14 1732754804.362104893 52 187
0 1732754804.612104893 146 277
1 1732754804.612104893 119 325
2 1732754804.612104893 109 342
3 1732754804.612104893 134 293
4 1732754804.612104893 416 282
5 1732754804.612104893 97 364
6 1732754804.612104893 126 311
7 1732754804.612104893 312 251
8 1732754804.612104893 107 130
9 1732754804.612104893 344 251
10 1732754804.612104893 419 301
11 1732754804.612104893 382 29
12 1732754804.612104893 16 218
13 1732754804.612104893 102 154
14 1732754804.612104893 52 187
0 1732754804.862104893 149 278
1 1732754804.862104893 122 326
2 1732754804.862104893 112 343
3 1732754804.862104893 137 294
4 1732754804.862104893 419 283
5 1732754804.862104893 100 365
6 1732754804.862104893 128 312
7 1732754804.862104893 315 252
8 1732754804.862104893 110 132
9 1732754804.862104893 346 252
10 1732754804.862104893 422 302
11 1732754804.862104893 385 30
12 1732754804.862104893 19 219
13 1732754804.862104893 105 155
14 1732754804.862104893 55 188
0 1732754805.112104893 151 278
1 1732754805.112104893 125 327
2 1732754805.112104893 114 344
3 1732754805.112104893 139 295
4 1732754805.112104893 422 285
5 1732754805.112104893 103 365
6 1732754805.112104893 130 313
7 1732754805.112104893 318 254
8 1732754805.112104893 112 132
9 1732754805.112104893 348 253
10 1732754805.112104893 425 303
11 1732754805.112104893 388 32
12 1732754805.112104893 21 220
13 1732754805.112104893 107 155
14 1732754805.112104893 58 189
0 1732754805.362104893 151 284
1 1732754805.362104893 124 330
2 1732754805.362104893 110 342
3 1732754805.362104893 140 298
4 1732754805.362104893 424 288
5 1732754805.362104893 102 367
6 1732754805.362104893 131 318
7 1732754805.362104893 319 257
8 1732754805.362104893 112 136
9 1732754805.362104893 348 255
10 1732754805.362104893 426 306
11 1732754805.362104893 390 37
12 1732754805.362104893 21 224
13 1732754805.362104893 105 161
14 1732754805.362104893 56 197
0 1732754805.612104893 151 288
1 1732754805.612104893 124 334
2 1732754805.612104893 109 345
3 1732754805.612104893 140 303
4 1732754805.612104893 425 290
5 1732754805.612104893 101 371
6 1732754805.612104893 131 323
7 1732754805.612104893 321 258
8 1732754805.612104893 114 139
9 1732754805.612104893 348 256
10 1732754805.612104893 427 307
11 1732754805.612104893 390 39
12 1732754805.612104893 22 226
13 1732754805.612104893 106 163
14 1732754805.612104893 54 197
0 1732754805.862104893 152 290
1 1732754805.862104893 126 335
2 1732754805.862104893 111 348
3 1732754805.862104893 142 305
4 1732754805.862104893 425 291
5 1732754805.862104893 103 372
6 1732754805.862104893 133 325
7 1732754805.862104893 322 259
8 1732754805.862104893 116 140
9 1732754805.862104893 348 256
10 1732754805.862104893 429 308
11 1732754805.862104893 391 40
12 1732754805.862104893 23 227
13 1732754805.862104893 107 164
14 1732754805.862104893 55 198
0 1732754806.112104893 154 292
1 1732754806.112104893 128 338
2 1732754806.112104893 113 349
3 1732754806.112104893 143 306
4 1732754806.112104893 427 291
5 1732754806.112104893 106 374
6 1732754806.112104893 135 327
7 1732754806.112104893 324 259
8 1732754806.112104893 117 139
9 1732754806.112104893 349 256
10 1732754806.112104893 431 310
11 1732754806.112104893 392 41
12 1732754806.112104893 24 228
13 1732754806.112104893 109 164
14 1732754806.112104893 55 200
0 1732754806.362104893 155 293
1 1732754806.362104893 130 340
2 1732754806.362104893 114 350
3 1732754806.362104893 144 307
4 1732754806.362104893 429 292
5 1732754806.362104893 108 375
6 1732754806.362104893 137 329
7 1732754806.362104893 325 260
8 1732754806.362104893 118 140
9 1732754806.362104893 351 257
10 1732754806.362104893 433 311
11 1732754806.362104893 394 42
12 1732754806.362104893 26 229
13 1732754806.362104893 111 165
14 1732754806.362104893 56 200
0 1732754806.612104893 157 295
1 1732754806.612104893 133 344
2 1732754806.612104893 115 350
3 1732754806.612104893 145 307
4 1732754806.612104893 430 292
5 1732754806.612104893 109 376
6 1732754806.612104893 137 330
7 1732754806.612104893 327 261
8 1732754806.612104893 120 141
9 1732754806.612104893 352 258
10 1732754806.612104893 436 312
11 1732754806.612104893 395 44
12 1732754806.612104893 27 229
13 1732754806.612104893 112 167
14 1732754806.612104893 57 201
0 1732754806.862104893 159 296
1 1732754806.862104893 135 345
2 1732754806.862104893 116 351
3 1732754806.862104893 146 308
4 1732754806.862104893 432 292
5 1732754806.862104893 111 378
6 1732754806.862104893 139 332
7 1732754806.862104893 329 263
8 1732754806.862104893 122 142
9 1732754806.862104893 354 259
10 1732754806.862104893 437 313
11 1732754806.862104893 397 46
12 1732754806.862104893 29 230
13 1732754806.862104893 115 168
14 1732754806.862104893 58 202
0 1732754807.112104893 160 297
1 1732754807.112104893 137 345
2 1732754807.112104893 118 351
3 1732754807.112104893 147 308
4 1732754807.112104893 434 292
5 1732754807.112104893 112 378
6 1732754807.112104893 141 333
7 1732754807.112104893 331 264
8 1732754807.112104893 123 142
9 1732754807.112104893 356 259
10 1732754807.112104893 439 314
11 1732754807.112104893 399 47
12 1732754807.112104893 31 231
13 1732754807.112104893 117 170
14 1732754807.112104893 59 203
0 1732754807.362104893 162 299
1 1732754807.362104893 139 347
2 1732754807.362104893 119 352
3 1732754807.362104893 149 309
4 1732754807.362104893 436 293
5 1732754807.362104893 113 378
6 1732754807.362104893 141 333
7 1732754807.362104893 334 264
8 1732754807.362104893 125 144
9 1732754807.362104893 357 260
10 1732754807.362104893 441 315
11 1732754807.362104893 400 48
12 1732754807.362104893 32 231
13 1732754807.362104893 118 171
14 1732754807.362104893 61 203
0 1732754807.612104893 164 300
1 1732754807.612104893 140 349
2 1732754807.612104893 120 353
3 1732754807.612104893 150 309
4 1732754807.612104893 437 294
5 1732754807.612104893 114 378
6 1732754807.612104893 142 334
7 1732754807.612104893 335 264
8 1732754807.612104893 127 145
9 1732754807.612104893 359 261
10 1732754807.612104893 443 315
11 1732754807.612104893 402 50
12 1732754807.612104893 33 232
13 1732754807.612104893 120 172
14 1732754807.612104893 62 205
0 1732754807.862104893 165 301
1 1732754807.862104893 141 351
2 1732754807.862104893 121 353
3 1732754807.862104893 150 310
4 1732754807.862104893 439 294
5 1732754807.862104893 115 378
6 1732754807.862104893 143 334
7 1732754807.862104893 338 265
8 1732754807.862104893 128 147
9 1732754807.862104893 360 262
10 1732754807.862104893 445 316
11 1732754807.862104893 404 51
12 1732754807.862104893 35 232
13 1732754807.862104893 122 173
14 1732754807.862104893 64 205
0 1732754808.112104893 167 302
1 1732754808.112104893 142 351
2 1732754808.112104893 121 354
3 1732754808.112104893 152 311
4 1732754808.112104893 440 294
5 1732754808.112104893 116 379
6 1732754808.112104893 143 335
7 1732754808.112104893 339 266
8 1732754808.112104893 130 148
9 1732754808.112104893 361 262
10 1732754808.112104893 446 316
11 1732754808.112104893 406 53
12 1732754808.112104893 36 233
13 1732754808.112104893 123 175
14 1732754808.112104893 66 207
0 1732754808.362104893 168 302
1 1732754808.362104893 142 351
2 1732754808.362104893 122 354
3 1732754808.362104893 152 311
4 1732754808.362104893 442 295
5 1732754808.362104893 117 378
6 1732754808.362104893 143 335
7 1732754808.362104893 341 267
8 1732754808.362104893 132 149
9 1732754808.362104893 362 263
10 1732754808.362104893 448 317
11 1732754808.362104893 408 53
12 1732754808.362104893 37 233
13 1732754808.362104893 125 176
14 1732754808.362104893 67 207
0 1732754808.612104893 169 303
1 1732754808.612104893 143 350
2 1732754808.612104893 122 354
3 1732754808.612104893 152 310
4 1732754808.612104893 443 295
5 1732754808.612104893 119 377
6 1732754808.612104893 144 336
7 1732754808.612104893 343 268
8 1732754808.612104893 133 150
9 1732754808.612104893 363 263
10 1732754808.612104893 449 317
11 1732754808.612104893 410 54
12 1732754808.612104893 38 234
13 1732754808.612104893 126 177
14 1732754808.612104893 68 206
0 1732754808.862104893 171 303
1 1732754808.862104893 142 351
2 1732754808.862104893 122 353
3 1732754808.862104893 152 310
4 1732754808.862104893 444 296
5 1732754808.862104893 120 377
6 1732754808.862104893 145 336
7 1732754808.862104893 345 270
8 1732754808.862104893 134 151
9 1732754808.862104893 364 263
10 1732754808.862104893 450 318
11 1732754808.862104893 411 54
12 1732754808.862104893 38 234
13 1732754808.862104893 128 178
14 1732754808.862104893 69 207
0 1732754809.112104893 171 302
1 1732754809.112104893 142 351
2 1732754809.112104893 122 353
3 1732754809.112104893 153 310
4 1732754809.112104893 446 296
5 1732754809.112104893 120 375
6 1732754809.112104893 145 336
7 1732754809.112104893 346 271
8 1732754809.112104893 135 152
9 1732754809.112104893 364 263
10 1732754809.112104893 452 319
11 1732754809.112104893 413 56
12 1732754809.112104893 39 234
13 1732754809.112104893 129 179
14 1732754809.112104893 69 207
0 1732754809.362104893 172 301
1 1732754809.362104893 142 351
2 1732754809.362104893 122 353
3 1732754809.362104893 153 311
4 1732754809.362104893 447 297
5 1732754809.362104893 121 375
6 1732754809.362104893 146 337
7 1732754809.362104893 348 272
8 1732754809.362104893 136 152
9 1732754809.362104893 365 264
10 1732754809.362104893 453 319
11 1732754809.362104893 415 56
12 1732754809.362104893 39 233
13 1732754809.362104893 130 181
14 1732754809.362104893 70 208
0 1732754809.612104893 172 300
1 1732754809.612104893 142 351
2 1732754809.612104893 122 353
3 1732754809.612104893 154 310
4 1732754809.612104893 448 297
5 1732754809.612104893 123 374
6 1732754809.612104893 147 338
7 1732754809.612104893 349 272
8 1732754809.612104893 137 153
9 1732754809.612104893 366 264
10 1732754809.612104893 454 319
11 1732754809.612104893 416 58
12 1732754809.612104893 40 235
13 1732754809.612104893 132 183
14 1732754809.612104893 71 208
0 1732754809.862104893 173 300
1 1732754809.862104893 142 350
2 1732754809.862104893 122 353
3 1732754809.862104893 154 311
4 1732754809.862104893 449 297
5 1732754809.862104893 124 373
6 1732754809.862104893 147 339
7 1732754809.862104893 351 273
8 1732754809.862104893 139 154
9 1732754809.862104893 367 264
10 1732754809.862104893 456 320
11 1732754809.862104893 417 58
12 1732754809.862104893 40 234
13 1732754809.862104893 133 184
14 1732754809.862104893 72 208
0 1732754810.112104893 174 300
1 1732754810.112104893 142 351
2 1732754810.112104893 123 353
3 1732754810.112104893 154 311
4 1732754810.112104893 450 297
5 1732754810.112104893 125 372
6 1732754810.112104893 148 339
7 1732754810.112104893 353 273
8 1732754810.112104893 139 155
9 1732754810.112104893 368 265
10 1732754810.112104893 457 321
11 1732754810.112104893 419 59
12 1732754810.112104893 41 234
13 1732754810.112104893 135 185
14 1732754810.112104893 72 208
0 1732754810.362104893 174 300
1 1732754810.362104893 143 350
2 1732754810.362104893 123 353
3 1732754810.362104893 154 311
4 1732754810.362104893 451 298
5 1732754810.362104893 126 370
6 1732754810.362104893 148 338
7 1732754810.362104893 354 273
8 1732754810.362104893 141 156
9 1732754810.362104893 368 265
10 1732754810.362104893 458 321
11 1732754810.362104893 420 59
12 1732754810.362104893 42 234
13 1732754810.362104893 136 187
14 1732754810.362104893 73 209
0 1732754810.612104893 175 300
1 1732754810.612104893 143 350
2 1732754810.612104893 123 353
3 1732754810.612104893 155 311
4 1732754810.612104893 452 299
5 1732754810.612104893 125 369
6 1732754810.612104893 148 338
7 1732754810.612104893 355 274
8 1732754810.612104893 142 158
9 1732754810.612104893 369 265
10 1732754810.612104893 459 322
11 1732754810.612104893 421 59
12 1732754810.612104893 42 235
13 1732754810.612104893 138 186
14 1732754810.612104893 74 210
0 1732754810.862104893 176 300
1 1732754810.862104893 142 350
2 1732754810.862104893 124 353
3 1732754810.862104893 155 311
4 1732754810.862104893 453 299
5 1732754810.862104893 126 368
6 1732754810.862104893 148 338
7 1732754810.862104893 356 274
8 1732754810.862104893 143 159
9 1732754810.862104893 370 265
10 1732754810.862104893 460 322
11 1732754810.862104893 422 60
12 1732754810.862104893 42 233
13 1732754810.862104893 139 187
14 1732754810.862104893 75 210
0 1732754811.112104893 176 299
1 1732754811.112104893 143 350
2 1732754811.112104893 124 353
3 1732754811.112104893 155 311
4 1732754811.112104893 454 300
5 1732754811.112104893 127 368
6 1732754811.112104893 148 339
7 1732754811.112104893 357 275
8 1732754811.112104893 144 160
9 1732754811.112104893 370 266
10 1732754811.112104893 461 323
11 1732754811.112104893 423 60
12 1732754811.112104893 43 234
13 1732754811.112104893 140 188
14 1732754811.112104893 76 210
0 1732754811.362104893 177 298
1 1732754811.362104893 143 351
2 1732754811.362104893 124 354
3 1732754811.362104893 156 311
4 1732754811.362104893 455 300
5 1732754811.362104893 127 367
6 1732754811.362104893 149 339
7 1732754811.362104893 358 275
8 1732754811.362104893 144 160
9 1732754811.362104893 371 265
10 1732754811.362104893 462 324
11 1732754811.362104893 425 61
12 1732754811.362104893 43 233
13 1732754811.362104893 140 187
14 1732754811.362104893 77 210
0 1732754811.612104893 177 297
1 1732754811.612104893 143 350
2 1732754811.612104893 124 353
3 1732754811.612104893 156 311
4 1732754811.612104893 456 301
5 1732754811.612104893 128 367
6 1732754811.612104893 149 339
7 1732754811.612104893 359 275
8 1732754811.612104893 144 160
9 1732754811.612104893 371 266
10 1732754811.612104893 463 324
11 1732754811.612104893 425 61
12 1732754811.612104893 44 235
13 1732754811.612104893 141 188
14 1732754811.612104893 77 211
0 1732754811.862104893 179 298
1 1732754811.862104893 143 350
2 1732754811.862104893 125 354
3 1732754811.862104893 156 310
4 1732754811.862104893 457 301
5 1732754811.862104893 128 366
6 1732754811.862104893 148 338
7 1732754811.862104893 360 276
8 1732754811.862104893 145 159
9 1732754811.862104893 372 266
10 1732754811.862104893 464 324
11 1732754811.862104893 426 62
12 1732754811.862104893 45 235
13 1732754811.862104893 142 188
14 1732754811.862104893 78 211
0 1732754812.112104893 180 298
1 1732754812.112104893 143 350
2 1732754812.112104893 125 354
3 1732754812.112104893 156 310
4 1732754812.112104893 457 301
5 1732754812.112104893 128 366
6 1732754812.112104893 149 338
7 1732754812.112104893 361 276
8 1732754812.112104893 145 160
9 1732754812.112104893 373 266
10 1732754812.112104893 465 325
11 1732754812.112104893 427 62
12 1732754812.112104893 46 235
13 1732754812.112104893 142 188
14 1732754812.112104893 79 210
0 1732754812.362104893 181 302
1 1732754812.362104893 144 355
2 1732754812.362104893 124 357
3 1732754812.362104893 156 314
4 1732754812.362104893 456 301
5 1732754812.362104893 129 368
6 1732754812.362104893 150 343
7 1732754812.362104893 359 279
8 1732754812.362104893 145 162
9 1732754812.362104893 369 264
10 1732754812.362104893 462 326
11 1732754812.362104893 426 65
12 1732754812.362104893 48 239
13 1732754812.362104893 143 192
14 1732754812.362104893 78 215
0 1732754812.612104893 182 303
1 1732754812.612104893 145 355
2 1732754812.612104893 125 358
3 1732754812.612104893 157 316
4 1732754812.612104893 456 303
5 1732754812.612104893 130 369
6 1732754812.612104893 151 344
7 1732754812.612104893 360 280
8 1732754812.612104893 146 163
9 1732754812.612104893 369 266
10 1732754812.612104893 463 328
11 1732754812.612104893 427 66
12 1732754812.612104893 49 241
13 1732754812.612104893 144 194
14 1732754812.612104893 79 217
0 1732754812.862104893 183 304
1 1732754812.862104893 146 356
2 1732754812.862104893 126 358
3 1732754812.862104893 158 317
4 1732754812.862104893 457 304
5 1732754812.862104893 130 370
6 1732754812.862104893 152 344
7 1732754812.862104893 360 281
8 1732754812.862104893 147 163
9 1732754812.862104893 369 266
10 1732754812.862104893 464 328
11 1732754812.862104893 428 67
12 1732754812.862104893 50 242
13 1732754812.862104893 145 194
14 1732754812.862104893 80 218
0 1732754813.112104893 184 304
1 1732754813.112104893 148 356
2 1732754813.112104893 127 358
3 1732754813.112104893 159 317
4 1732754813.112104893 457 305
5 1732754813.112104893 131 370
6 1732754813.112104893 153 344
7 1732754813.112104893 361 281
8 1732754813.112104893 147 163
9 1732754813.112104893 369 266
10 1732754813.112104893 466 329
11 1732754813.112104893 429 68
12 1732754813.112104893 51 243
13 1732754813.112104893 146 195
14 1732754813.112104893 81 218
0 1732754813.362104893 185 304
1 1732754813.362104893 149 356
2 1732754813.362104893 128 357
3 1732754813.362104893 160 317
4 1732754813.362104893 458 305
5 1732754813.362104893 132 370
6 1732754813.362104893 154 345
7 1732754813.362104893 363 282
8 1732754813.362104893 148 163
9 1732754813.362104893 370 267
10 1732754813.362104893 467 329
11 1732754813.362104893 430 68
12 1732754813.362104893 52 243
13 1732754813.362104893 147 195
14 1732754813.362104893 81 218
0 1732754813.612104893 186 304
1 1732754813.612104893 151 355
2 1732754813.612104893 129 356
3 1732754813.612104893 161 317
4 1732754813.612104893 459 306
5 1732754813.612104893 133 370
6 1732754813.612104893 154 344
7 1732754813.612104893 364 282
8 1732754813.612104893 148 163
9 1732754813.612104893 371 267
10 1732754813.612104893 468 329
11 1732754813.612104893 431 67
12 1732754813.612104893 53 243
13 1732754813.612104893 148 195
14 1732754813.612104893 82 218
0 1732754813.862104893 187 304
1 1732754813.862104893 151 354
2 1732754813.862104893 129 356
3 1732754813.862104893 162 317
4 1732754813.862104893 460 306
5 1732754813.862104893 134 371
6 1732754813.862104893 155 344
7 1732754813.862104893 365 283
8 1732754813.862104893 149 163
9 1732754813.862104893 371 268
10 1732754813.862104893 469 329
11 1732754813.862104893 432 68
12 1732754813.862104893 54 243
13 1732754813.862104893 149 195
14 1732754813.862104893 82 218
0 1732754814.112104893 187 304
1 1732754814.112104893 153 354
2 1732754814.112104893 130 355
3 1732754814.112104893 162 317
4 1732754814.112104893 461 306
5 1732754814.112104893 134 371
6 1732754814.112104893 156 344
7 1732754814.112104893 367 284
8 1732754814.112104893 149 163
9 1732754814.112104893 372 268
10 1732754814.112104893 470 329
11 1732754814.112104893 433 68
12 1732754814.112104893 55 243
13 1732754814.112104893 149 195
14 1732754814.112104893 82 218
0 1732754814.362104893 188 304
1 1732754814.362104893 153 354
2 1732754814.362104893 131 355
3 1732754814.362104893 163 317
4 1732754814.362104893 461 306
5 1732754814.362104893 135 371
6 1732754814.362104893 157 344
7 1732754814.362104893 368 285
8 1732754814.362104893 150 163
9 1732754814.362104893 373 268
10 1732754814.362104893 471 328
11 1732754814.362104893 434 68
12 1732754814.362104893 55 244
13 1732754814.362104893 150 195
14 1732754814.362104893 83 218
0 1732754814.612104893 189 304
1 1732754814.612104893 154 354
2 1732754814.612104893 131 354
3 1732754814.612104893 164 317
4 1732754814.612104893 462 307
5 1732754814.612104893 136 372
6 1732754814.612104893 157 344
7 1732754814.612104893 369 285
8 1732754814.612104893 150 163
9 1732754814.612104893 373 268
10 1732754814.612104893 472 328
11 1732754814.612104893 435 68
12 1732754814.612104893 56 244
13 1732754814.612104893 150 196
14 1732754814.612104893 83 218
0 1732754814.862104893 189 303
1 1732754814.862104893 154 355
2 1732754814.862104893 132 354
3 1732754814.862104893 164 317
4 1732754814.862104893 463 307
5 1732754814.862104893 136 372
6 1732754814.862104893 157 345
7 1732754814.862104893 369 286
8 1732754814.862104893 151 163
9 1732754814.862104893 374 268
10 1732754814.862104893 473 328
11 1732754814.862104893 436 68
12 1732754814.862104893 56 245
13 1732754814.862104893 151 195
14 1732754814.862104893 83 218
0 1732754815.112104893 189 303
1 1732754815.112104893 155 354
2 1732754815.112104893 132 353
3 1732754815.112104893 165 317
4 1732754815.112104893 464 307
5 1732754815.112104893 137 371
6 1732754815.112104893 158 345
7 1732754815.112104893 370 287
8 1732754815.112104893 152 163
9 1732754815.112104893 374 268
10 1732754815.112104893 474 328
11 1732754815.112104893 436 68
12 1732754815.112104893 56 244
13 1732754815.112104893 151 196
14 1732754815.112104893 83 217
0 1732754815.362104893 190 304
1 1732754815.362104893 155 354
2 1732754815.362104893 132 353
3 1732754815.362104893 165 318
4 1732754815.362104893 465 307
5 1732754815.362104893 138 371
6 1732754815.362104893 158 345
7 1732754815.362104893 371 287
8 1732754815.362104893 152 163
9 1732754815.362104893 374 268
10 1732754815.362104893 475 328
11 1732754815.362104893 437 68
12 1732754815.362104893 57 244
13 1732754815.362104893 151 195
14 1732754815.362104893 82 217
0 1732754815.612104893 189 307
1 1732754815.612104893 154 357
2 1732754815.612104893 130 355
3 1732754815.612104893 164 320
4 1732754815.612104893 465 311
5 1732754815.612104893 137 374
6 1732754815.612104893 157 348
7 1732754815.612104893 371 291
8 1732754815.612104893 152 167
9 1732754815.612104893 374 270
10 1732754815.612104893 472 327
11 1732754815.612104893 437 71
12 1732754815.612104893 57 248
13 1732754815.612104893 151 198
14 1732754815.612104893 82 220
0 1732754815.862104893 189 308
1 1732754815.862104893 154 357
2 1732754815.862104893 131 355
3 1732754815.862104893 165 321
4 1732754815.862104893 466 312
5 1732754815.862104893 137 374
6 1732754815.862104893 157 349
7 1732754815.862104893 372 291
8 1732754815.862104893 152 167
9 1732754815.862104893 374 271
10 1732754815.862104893 472 328
11 1732754815.862104893 437 72
12 1732754815.862104893 58 249
13 1732754815.862104893 151 198
14 1732754815.862104893 82 221
0 1732754816.112104893 189 309
1 1732754816.112104893 153 358
2 1732754816.112104893 130 356
3 1732754816.112104893 164 321
4 1732754816.112104893 466 313
5 1732754816.112104893 137 375
6 1732754816.112104893 156 349
7 1732754816.112104893 372 292
8 1732754816.112104893 151 167
9 1732754816.112104893 373 272
10 1732754816.112104893 471 329
11 1732754816.112104893 437 72
12 1732754816.112104893 58 250
13 1732754816.112104893 151 199
14 1732754816.112104893 81 221
0 1732754816.362104893 191 310
1 1732754816.362104893 153 358
2 1732754816.362104893 131 356
3 1732754816.362104893 165 322
4 1732754816.362104893 467 313
5 1732754816.362104893 137 374
6 1732754816.362104893 156 350
7 1732754816.362104893 372 293
8 1732754816.362104893 151 167
9 1732754816.362104893 374 273
10 1732754816.362104893 471 329
11 1732754816.362104893 438 73
12 1732754816.362104893 60 251
13 1732754816.362104893 151 199
14 1732754816.362104893 82 222
0 1732754816.612104893 193 311
1 1732754816.612104893 153 359
2 1732754816.612104893 132 356
3 1732754816.612104893 165 323
4 1732754816.612104893 469 314
5 1732754816.612104893 138 374
6 1732754816.612104893 157 350
7 1732754816.612104893 374 294
8 1732754816.612104893 153 168
9 1732754816.612104893 374 274
10 1732754816.612104893 472 329
11 1732754816.612104893 440 74
12 1732754816.612104893 62 252
13 1732754816.612104893 152 199
14 1732754816.612104893 83 221
0 1732754816.862104893 194 313
1 1732754816.862104893 154 359
2 1732754816.862104893 133 357
3 1732754816.862104893 167 324
4 1732754816.862104893 470 315
5 1732754816.862104893 139 374
6 1732754816.862104893 158 351
7 1732754816.862104893 375 295
8 1732754816.862104893 154 168
9 1732754816.862104893 375 275
10 1732754816.862104893 473 329
11 1732754816.862104893 441 74
12 1732754816.862104893 64 253
13 1732754816.862104893 153 199
14 1732754816.862104893 84 221
0 1732754817.112104893 195 313
1 1732754817.112104893 155 359
2 1732754817.112104893 133 357
3 1732754817.112104893 168 324
4 1732754817.112104893 471 316
5 1732754817.112104893 140 374
6 1732754817.112104893 159 353
7 1732754817.112104893 377 295
8 1732754817.112104893 156 169
9 1732754817.112104893 376 276
10 1732754817.112104893 474 329
11 1732754817.112104893 444 76
12 1732754817.112104893 65 253
13 1732754817.112104893 155 199
14 1732754817.112104893 85 221
0 1732754817.362104893 196 313
1 1732754817.362104893 156 359
2 1732754817.362104893 134 357
3 1732754817.362104893 169 325
4 1732754817.362104893 472 317
5 1732754817.362104893 141 374
6 1732754817.362104893 160 353
7 1732754817.362104893 378 296
8 1732754817.362104893 157 169
9 1732754817.362104893 376 277
10 1732754817.362104893 475 329
11 1732754817.362104893 446 77
12 1732754817.362104893 66 253
13 1732754817.362104893 156 199
14 1732754817.362104893 86 221
0 1732754817.612104893 196 312
1 1732754817.612104893 157 359
2 1732754817.612104893 135 357
3 1732754817.612104893 171 325
4 1732754817.612104893 472 316
5 1732754817.612104893 142 373
6 1732754817.612104893 161 353
7 1732754817.612104893 380 297
8 1732754817.612104893 157 168
9 1732754817.612104893 377 277
10 1732754817.612104893 476 328
11 1732754817.612104893 448 78
12 1732754817.612104893 67 253
13 1732754817.612104893 157 199
14 1732754817.612104893 87 221
0 1732754817.862104893 196 312
1 1732754817.862104893 158 359
2 1732754817.862104893 135 357
3 1732754817.862104893 172 325
4 1732754817.862104893 473 315
5 1732754817.862104893 142 372
6 1732754817.862104893 162 353
7 1732754817.862104893 382 297
8 1732754817.862104893 157 168
9 1732754817.862104893 378 278
10 1732754817.862104893 477 328
11 1732754817.862104893 451 80
12 1732754817.862104893 68 253
13 1732754817.862104893 158 199
14 1732754817.862104893 88 220
0 1732754818.112104893 197 312
1 1732754818.112104893 159 359
2 1732754818.112104893 136 356
3 1732754818.112104893 173 325
4 1732754818.112104893 474 314
5 1732754818.112104893 143 371
6 1732754818.112104893 162 353
7 1732754818.112104893 383 296
8 1732754818.112104893 159 168
9 1732754818.112104893 379 279
10 1732754818.112104893 479 328
11 1732754818.112104893 453 81
12 1732754818.112104893 69 253
13 1732754818.112104893 159 198
14 1732754818.112104893 88 219
0 1732754818.362104893 196 311
1 1732754818.362104893 160 358
2 1732754818.362104893 136 355
3 1732754818.362104893 174 325
4 1732754818.362104893 474 312
5 1732754818.362104893 143 370
6 1732754818.362104893 163 352
7 1732754818.362104893 384 296
8 1732754818.362104893 158 167
9 1732754818.362104893 380 280
10 1732754818.362104893 479 327
11 1732754818.362104893 456 82
12 1732754818.362104893 70 253
13 1732754818.362104893 159 197
14 1732754818.362104893 89 220
0 1732754818.612104893 196 310
1 1732754818.612104893 161 358
2 1732754818.612104893 137 354
3 1732754818.612104893 175 324
4 1732754818.612104893 475 311
5 1732754818.612104893 144 369
6 1732754818.612104893 163 352
7 1732754818.612104893 385 296
8 1732754818.612104893 159 167
9 1732754818.612104893 381 280
10 1732754818.612104893 480 327
11 1732754818.612104893 459 81
12 1732754818.612104893 71 252
13 1732754818.612104893 159 198
14 1732754818.612104893 90 219
0 1732754818.862104893 197 311
1 1732754818.862104893 162 357
2 1732754818.862104893 137 352
3 1732754818.862104893 176 324
4 1732754818.862104893 477 312
5 1732754818.862104893 145 368
6 1732754818.862104893 164 350
7 1732754818.862104893 387 295
8 1732754818.862104893 160 168
9 1732754818.862104893 382 281
10 1732754818.862104893 481 327
11 1732754818.862104893 460 81
12 1732754818.862104893 73 253
13 1732754818.862104893 161 197
14 1732754818.862104893 90 219
0 1732754819.112104893 197 310
1 1732754819.112104893 163 356
2 1732754819.112104893 138 351
3 1732754819.112104893 176 323
4 1732754819.112104893 477 310
5 1732754819.112104893 145 366
6 1732754819.112104893 164 349
7 1732754819.112104893 388 294
8 1732754819.112104893 159 167
9 1732754819.112104893 384 282
10 1732754819.112104893 482 327
11 1732754819.112104893 462 81
12 1732754819.112104893 74 252
13 1732754819.112104893 161 196
14 1732754819.112104893 91 219
0 1732754819.362104893 196 309
1 1732754819.362104893 164 355
2 1732754819.362104893 138 349
3 1732754819.362104893 177 323
4 1732754819.362104893 478 310
5 1732754819.362104893 145 365
6 1732754819.362104893 164 348
7 1732754819.362104893 389 294
8 1732754819.362104893 161 168
9 1732754819.362104893 384 283
10 1732754819.362104893 483 326
11 1732754819.362104893 464 81
12 1732754819.362104893 75 251
13 1732754819.362104893 162 197
14 1732754819.362104893 92 218
0 1732754819.612104893 196 313
1 1732754819.612104893 163 357
2 1732754819.612104893 138 351
3 1732754819.612104893 177 326
4 1732754819.612104893 479 315
5 1732754819.612104893 145 368
6 1732754819.612104893 163 350
7 1732754819.612104893 388 297
8 1732754819.612104893 161 172
9 1732754819.612104893 383 285
10 1732754819.612104893 481 329
11 1732754819.612104893 464 85
12 1732754819.612104893 73 255
13 1732754819.612104893 161 199
14 1732754819.612104893 91 222
0 1732754819.862104893 196 314
1 1732754819.862104893 164 358
2 1732754819.862104893 139 350
3 1732754819.862104893 178 327
4 1732754819.862104893 479 316
5 1732754819.862104893 146 367
6 1732754819.862104893 164 351
7 1732754819.862104893 389 299
8 1732754819.862104893 162 173
9 1732754819.862104893 384 285
10 1732754819.862104893 481 330
11 1732754819.862104893 465 86
12 1732754819.862104893 73 257
13 1732754819.862104893 162 199
14 1732754819.862104893 92 223
0 1732754820.112104893 198 319
1 1732754820.112104893 165 362
2 1732754820.112104893 137 353
3 1732754820.112104893 177 330
4 1732754820.112104893 482 321
5 1732754820.112104893 143 370
6 1732754820.112104893 165 354
7 1732754820.112104893 391 303
8 1732754820.112104893 164 176
9 1732754820.112104893 382 287
10 1732754820.112104893 479 330
11 1732754820.112104893 465 91
12 1732754820.112104893 77 262
13 1732754820.112104893 163 204
14 1732754820.112104893 91 228
0 1732754820.362104893 199 320
1 1732754820.362104893 166 362
2 1732754820.362104893 137 354
3 1732754820.362104893 178 332
4 1732754820.362104893 481 321
5 1732754820.362104893 143 369
6 1732754820.362104893 165 354
7 1732754820.362104893 391 303
8 1732754820.362104893 163 178
9 1732754820.362104893 384 288
10 1732754820.362104893 479 332
11 1732754820.362104893 466 92
12 1732754820.362104893 77 264
13 1732754820.362104893 164 206
14 1732754820.362104893 92 229
0 1732754820.612104893 200 320
1 1732754820.612104893 167 362
2 1732754820.612104893 137 354
3 1732754820.612104893 179 333
4 1732754820.612104893 483 322
5 1732754820.612104893 143 369
6 1732754820.612104893 166 354
7 1732754820.612104893 390 302
8 1732754820.612104893 163 178
9 1732754820.612104893 385 288
10 1732754820.612104893 479 332
11 1732754820.612104893 467 93
12 1732754820.612104893 77 265
13 1732754820.612104893 165 207
14 1732754820.612104893 94 229
0 1732754820.862104893 200 322
1 1732754820.862104893 166 363
2 1732754820.862104893 137 356
3 1732754820.862104893 179 334
4 1732754820.862104893 482 324
5 1732754820.862104893 144 371
6 1732754820.862104893 165 354
7 1732754820.862104893 389 305
8 1732754820.862104893 162 180
9 1732754820.862104893 385 290
10 1732754820.862104893 480 335
11 1732754820.862104893 467 95
12 1732754820.862104893 76 267
13 1732754820.862104893 165 209
14 1732754820.862104893 93 232
0 1732754821.112104893 201 322
1 1732754821.112104893 166 363
2 1732754821.112104893 137 355
3 1732754821.112104893 178 333
4 1732754821.112104893 483 325
5 1732754821.112104893 144 370
6 1732754821.112104893 165 354
7 1732754821.112104893 389 306
8 1732754821.112104893 162 181
9 1732754821.112104893 385 290
10 1732754821.112104893 480 334
11 1732754821.112104893 467 95
12 1732754821.112104893 78 267
13 1732754821.112104893 166 209
14 1732754821.112104893 94 232
0 1732754821.362104893 199 323
1 1732754821.362104893 166 363
2 1732754821.362104893 137 355
3 1732754821.362104893 178 334
4 1732754821.362104893 482 325
5 1732754821.362104893 145 370
6 1732754821.362104893 164 354
7 1732754821.362104893 388 306
8 1732754821.362104893 162 181
9 1732754821.362104893 385 290
10 1732754821.362104893 481 334
11 1732754821.362104893 467 95
12 1732754821.362104893 78 266
13 1732754821.362104893 165 208
14 1732754821.362104893 94 232
0 1732754821.612104893 200 323
1 1732754821.612104893 166 364
2 1732754821.612104893 138 356
3 1732754821.612104893 179 335
4 1732754821.612104893 482 325
5 1732754821.612104893 146 369
6 1732754821.612104893 164 354
7 1732754821.612104893 388 306
8 1732754821.612104893 162 182
9 1732754821.612104893 386 291
10 1732754821.612104893 482 334
11 1732754821.612104893 467 95
12 1732754821.612104893 78 267
13 1732754821.612104893 167 208
14 1732754821.612104893 96 233
0 1732754821.862104893 201 324
1 1732754821.862104893 168 364
2 1732754821.862104893 139 356
3 1732754821.862104893 180 335
4 1732754821.862104893 483 326
5 1732754821.862104893 148 368
6 1732754821.862104893 164 354
7 1732754821.862104893 389 307
8 1732754821.862104893 164 182
9 1732754821.862104893 387 292
10 1732754821.862104893 483 334
11 1732754821.862104893 469 96
12 1732754821.862104893 81 268
13 1732754821.862104893 168 208
14 1732754821.862104893 98 233
0 1732754822.112104893 202 324
1 1732754822.112104893 170 364
2 1732754822.112104893 140 356
3 1732754822.112104893 182 336
4 1732754822.112104893 485 326
5 1732754822.112104893 149 368
6 1732754822.112104893 164 354
7 1732754822.112104893 391 307
8 1732754822.112104893 165 183
9 1732754822.112104893 389 292
10 1732754822.112104893 484 334
11 1732754822.112104893 471 97
12 1732754822.112104893 83 269
13 1732754822.112104893 170 208
14 1732754822.112104893 99 234
0 1732754822.362104893 203 324
1 1732754822.362104893 172 365
2 1732754822.362104893 142 356
3 1732754822.362104893 184 337
4 1732754822.362104893 486 327
5 1732754822.362104893 151 367
6 1732754822.362104893 165 354
7 1732754822.362104893 392 307
8 1732754822.362104893 167 183
9 1732754822.362104893 390 292
10 1732754822.362104893 485 334
11 1732754822.362104893 472 98
12 1732754822.362104893 83 269
13 1732754822.362104893 171 208
14 1732754822.362104893 100 234
0 1732754822.612104893 204 324
1 1732754822.612104893 174 365
2 1732754822.612104893 143 356
3 1732754822.612104893 186 338
4 1732754822.612104893 488 327
5 1732754822.612104893 152 366
6 1732754822.612104893 166 353
7 1732754822.612104893 393 307
8 1732754822.612104893 168 183
9 1732754822.612104893 392 292
10 1732754822.612104893 486 334
11 1732754822.612104893 475 99
12 1732754822.612104893 85 269
13 1732754822.612104893 172 208
14 1732754822.612104893 102 234
0 1732754822.862104893 206 323
1 1732754822.862104893 176 365
2 1732754822.862104893 144 355
3 1732754822.862104893 188 339
4 1732754822.862104893 489 327
5 1732754822.862104893 153 365
6 1732754822.862104893 166 353
7 1732754822.862104893 395 307
8 1732754822.862104893 169 182
9 1732754822.862104893 394 291
10 1732754822.862104893 487 333
11 1732754822.862104893 477 100
12 1732754822.862104893 86 270
13 1732754822.862104893 172 207
14 1732754822.862104893 103 234
0 1732754823.112104893 206 326
1 1732754823.112104893 175 366
2 1732754823.112104893 145 357
3 1732754823.112104893 189 341
4 1732754823.112104893 490 331
5 1732754823.112104893 152 366
6 1732754823.112104893 165 352
7 1732754823.112104893 395 310
8 1732754823.112104893 169 186
9 1732754823.112104893 394 295
10 1732754823.112104893 486 336
11 1732754823.112104893 478 104
12 1732754823.112104893 87 275
13 1732754823.112104893 172 210
14 1732754823.112104893 103 237
0 1732754823.362104893 207 325
1 1732754823.362104893 174 365
2 1732754823.362104893 146 357
3 1732754823.362104893 191 342
4 1732754823.362104893 490 332
5 1732754823.362104893 153 366
6 1732754823.362104893 164 353
7 1732754823.362104893 396 311
8 1732754823.362104893 170 185
9 1732754823.362104893 395 296
10 1732754823.362104893 487 335
11 1732754823.362104893 478 104
12 1732754823.362104893 88 276
13 1732754823.362104893 173 210
14 1732754823.362104893 104 237
0 1732754823.612104893 208 325
1 1732754823.612104893 174 364
2 1732754823.612104893 147 358
3 1732754823.612104893 192 342
4 1732754823.612104893 491 332
5 1732754823.612104893 153 365
6 1732754823.612104893 164 354
7 1732754823.612104893 396 311
8 1732754823.612104893 171 185
9 1732754823.612104893 394 297
10 1732754823.612104893 486 335
11 1732754823.612104893 479 105
12 1732754823.612104893 90 277
13 1732754823.612104893 174 211
14 1732754823.612104893 104 238
0 1732754823.862104893 209 324
1 1732754823.862104893 175 364
2 1732754823.862104893 147 358
3 1732754823.862104893 193 343
4 1732754823.862104893 492 332
5 1732754823.862104893 153 365
6 1732754823.862104893 166 355
7 1732754823.862104893 397 312
8 1732754823.862104893 172 185
9 1732754823.862104893 394 297
10 1732754823.862104893 487 335
11 1732754823.862104893 481 106
12 1732754823.862104893 91 277
13 1732754823.862104893 175 211
14 1732754823.862104893 106 238
0 1732754824.112104893 210 323
1 1732754824.112104893 177 364
2 1732754824.112104893 148 358
3 1732754824.112104893 196 344
4 1732754824.112104893 493 332
5 1732754824.112104893 154 364
6 1732754824.112104893 167 356
7 1732754824.112104893 399 312
8 1732754824.112104893 174 185
9 1732754824.112104893 396 298
10 1732754824.112104893 488 334
11 1732754824.112104893 482 107
12 1732754824.112104893 93 278
13 1732754824.112104893 178 212
14 1732754824.112104893 107 238
0 1732754824.362104893 210 323
1 1732754824.362104893 179 363
2 1732754824.362104893 149 358
3 1732754824.362104893 198 345
4 1732754824.362104893 495 332
5 1732754824.362104893 156 364
6 1732754824.362104893 169 358
7 1732754824.362104893 400 312
8 1732754824.362104893 176 185
9 1732754824.362104893 397 299
10 1732754824.362104893 489 334
11 1732754824.362104893 484 108
12 1732754824.362104893 95 279
13 1732754824.362104893 180 213
14 1732754824.362104893 109 238
0 1732754824.612104893 211 322
1 1732754824.612104893 180 362
2 1732754824.612104893 150 358
3 1732754824.612104893 200 346
4 1732754824.612104893 496 332
5 1732754824.612104893 157 363
6 1732754824.612104893 171 359
7 1732754824.612104893 402 313
8 1732754824.612104893 178 185
9 1732754824.612104893 397 299
10 1732754824.612104893 490 334
11 1732754824.612104893 487 109
12 1732754824.612104893 97 279
13 1732754824.612104893 181 213
14 1732754824.612104893 111 239
0 1732754824.862104893 211 320
1 1732754824.862104893 182 362
2 1732754824.862104893 151 357
3 1732754824.862104893 203 347
4 1732754824.862104893 498 332
5 1732754824.862104893 158 362
6 1732754824.862104893 173 360
7 1732754824.862104893 404 314
8 1732754824.862104893 179 185
9 1732754824.862104893 398 299
10 1732754824.862104893 492 333
11 1732754824.862104893 489 110
12 1732754824.862104893 98 279
13 1732754824.862104893 183 213
14 1732754824.862104893 113 239
0 1732754825.112104893 211 318
1 1732754825.112104893 184 361
2 1732754825.112104893 152 357
3 1732754825.112104893 205 348
4 1732754825.112104893 499 332
5 1732754825.112104893 160 361
6 1732754825.112104893 175 360
7 1732754825.112104893 406 315
8 1732754825.112104893 181 185
9 1732754825.112104893 400 298
10 1732754825.112104893 493 333
11 1732754825.112104893 491 110
12 1732754825.112104893 100 279
13 1732754825.112104893 185 213
14 1732754825.112104893 114 240
0 1732754825.362104893 211 317
1 1732754825.362104893 185 361
2 1732754825.362104893 153 356
3 1732754825.362104893 208 348
4 1732754825.362104893 500 331
5 1732754825.362104893 161 360
6 1732754825.362104893 177 360
7 1732754825.362104893 408 315
8 1732754825.362104893 183 186
9 1732754825.362104893 401 297
10 1732754825.362104893 494 332
11 1732754825.362104893 493 111
12 1732754825.362104893 101 278
13 1732754825.362104893 187 213
14 1732754825.362104893 115 239
0 1732754825.612104893 209 317
1 1732754825.612104893 185 362
2 1732754825.612104893 156 357
3 1732754825.612104893 211 352
4 1732754825.612104893 499 334
5 1732754825.612104893 162 357
6 1732754825.612104893 177 362
7 1732754825.612104893 407 317
8 1732754825.612104893 183 189
9 1732754825.612104893 400 301
10 1732754825.612104893 491 333
11 1732754825.612104893 495 116
12 1732754825.612104893 100 281
13 1732754825.612104893 188 216
14 1732754825.612104893 115 242
0 1732754825.862104893 210 315
1 1732754825.862104893 186 362
2 1732754825.862104893 157 356
3 1732754825.862104893 211 352
4 1732754825.862104893 499 333
5 1732754825.862104893 163 355
6 1732754825.862104893 178 361
7 1732754825.862104893 408 318
8 1732754825.862104893 181 188
9 1732754825.862104893 401 301
10 1732754825.862104893 491 333
11 1732754825.862104893 496 117
12 1732754825.862104893 100 281
13 1732754825.862104893 188 216
14 1732754825.862104893 115 243
0 1732754826.112104893 210 315
1 1732754826.112104893 187 362
2 1732754826.112104893 158 355
3 1732754826.112104893 212 352
4 1732754826.112104893 499 332
5 1732754826.112104893 164 353
6 1732754826.112104893 179 362
7 1732754826.112104893 409 319
8 1732754826.112104893 180 187
9 1732754826.112104893 401 302
10 1732754826.112104893 492 333
11 1732754826.112104893 497 118
12 1732754826.112104893 100 281
13 1732754826.112104893 188 217
14 1732754826.112104893 114 242
0 1732754826.362104893 210 314
1 1732754826.362104893 187 361
2 1732754826.362104893 159 354
3 1732754826.362104893 214 352
4 1732754826.362104893 499 332
5 1732754826.362104893 165 351
6 1732754826.362104893 179 362
7 1732754826.362104893 411 320
8 1732754826.362104893 181 188
9 1732754826.362104893 402 302
10 1732754826.362104893 493 333
11 1732754826.362104893 499 119
12 1732754826.362104893 101 280
13 1732754826.362104893 189 217
14 1732754826.362104893 115 242
0 1732754826.612104893 211 314
1 1732754826.612104893 188 361
2 1732754826.612104893 160 352
3 1732754826.612104893 216 352
4 1732754826.612104893 500 331
5 1732754826.612104893 166 349
6 1732754826.612104893 181 363
7 1732754826.612104893 413 320
8 1732754826.612104893 183 188
9 1732754826.612104893 404 302
10 1732754826.612104893 495 333
11 1732754826.612104893 501 120
12 1732754826.612104893 102 280
13 1732754826.612104893 192 217
14 1732754826.612104893 116 242
0 1732754826.862104893 211 314
1 1732754826.862104893 189 360
2 1732754826.862104893 160 351
3 1732754826.862104893 218 352
4 1732754826.862104893 501 330
5 1732754826.862104893 167 347
6 1732754826.862104893 182 363
7 1732754826.862104893 415 321
8 1732754826.862104893 185 188
9 1732754826.862104893 405 302
10 1732754826.862104893 496 333
11 1732754826.862104893 503 120
12 1732754826.862104893 103 279
13 1732754826.862104893 193 217
14 1732754826.862104893 117 242
0 1732754827.112104893 212 313
1 1732754827.112104893 190 359
2 1732754827.112104893 161 349
3 1732754827.112104893 220 351
4 1732754827.112104893 502 330
5 1732754827.112104893 168 344
6 1732754827.112104893 184 363
7 1732754827.112104893 416 320
8 1732754827.112104893 187 188
9 1732754827.112104893 406 302
10 1732754827.112104893 498 333
11 1732754827.112104893 505 121
12 1732754827.112104893 104 278
13 1732754827.112104893 194 216
14 1732754827.112104893 118 242
0 1732754827.362104893 207 313
1 1732754827.362104893 185 355
2 1732754827.362104893 157 348
3 1732754827.362104893 219 357
4 1732754827.362104893 503 332
5 1732754827.362104893 165 343
6 1732754827.362104893 183 364
7 1732754827.362104893 418 325
8 1732754827.362104893 187 191
9 1732754827.362104893 404 302
10 1732754827.362104893 498 334
11 1732754827.362104893 506 124
12 1732754827.362104893 102 281
13 1732754827.362104893 196 222
14 1732754827.362104893 119 247
0 1732754827.612104893 206 316
1 1732754827.612104893 183 355
2 1732754827.612104893 156 349
3 1732754827.612104893 218 357
4 1732754827.612104893 503 336
5 1732754827.612104893 164 345
6 1732754827.612104893 182 365
7 1732754827.612104893 417 327
8 1732754827.612104893 186 194
9 1732754827.612104893 402 304
10 1732754827.612104893 497 337
11 1732754827.612104893 506 127
12 1732754827.612104893 101 283
13 1732754827.612104893 196 224
14 1732754827.612104893 118 250
0 1732754827.862104893 207 315
1 1732754827.862104893 183 355
2 1732754827.862104893 156 348
3 1732754827.862104893 217 358
4 1732754827.862104893 502 337
5 1732754827.862104893 164 344
6 1732754827.862104893 181 366
7 1732754827.862104893 418 328
8 1732754827.862104893 186 195
9 1732754827.862104893 403 303
10 1732754827.862104893 498 338
11 1732754827.862104893 507 128
12 1732754827.862104893 102 284
13 1732754827.862104893 196 225
14 1732754827.862104893 119 251
0 1732754828.112104893 206 316
1 1732754828.112104893 182 353
2 1732754828.112104893 155 347
3 1732754828.112104893 217 359
4 1732754828.112104893 501 337
5 1732754828.112104893 165 344
6 1732754828.112104893 181 365
7 1732754828.112104893 419 329
8 1732754828.112104893 186 195
9 1732754828.112104893 402 303
10 1732754828.112104893 497 338
11 1732754828.112104893 508 129
12 1732754828.112104893 101 284
13 1732754828.112104893 197 225
14 1732754828.112104893 118 251
0 1732754828.362104893 207 316
1 1732754828.362104893 182 352
2 1732754828.362104893 155 347
3 1732754828.362104893 218 360
4 1732754828.362104893 501 338
5 1732754828.362104893 166 343
6 1732754828.362104893 182 364
7 1732754828.362104893 421 330
8 1732754828.362104893 187 195
9 1732754828.362104893 402 303
10 1732754828.362104893 497 339
11 1732754828.362104893 509 130
12 1732754828.362104893 103 285
13 1732754828.362104893 199 225
14 1732754828.362104893 118 251
0 1732754828.612104893 207 316
1 1732754828.612104893 182 352
2 1732754828.612104893 155 347
3 1732754828.612104893 219 361
4 1732754828.612104893 502 338
5 1732754828.612104893 167 343
6 1732754828.612104893 183 364
7 1732754828.612104893 422 331
8 1732754828.612104893 188 195
9 1732754828.612104893 402 303
10 1732754828.612104893 498 339
11 1732754828.612104893 512 132
12 1732754828.612104893 105 286
13 1732754828.612104893 200 225
14 1732754828.612104893 119 251
0 1732754828.862104893 208 316
1 1732754828.862104893 183 351
2 1732754828.862104893 156 347
3 1732754828.862104893 221 362
4 1732754828.862104893 503 339
5 1732754828.862104893 168 342
6 1732754828.862104893 184 363
7 1732754828.862104893 425 332
8 1732754828.862104893 189 195
9 1732754828.862104893 403 303
10 1732754828.862104893 499 339
11 1732754828.862104893 514 133
12 1732754828.862104893 107 286
13 1732754828.862104893 201 225
14 1732754828.862104893 119 251
0 1732754829.112104893 207 317
1 1732754829.112104893 183 353
2 1732754829.112104893 156 349
3 1732754829.112104893 220 363
4 1732754829.112104893 500 338
5 1732754829.112104893 168 343
6 1732754829.112104893 185 365
7 1732754829.112104893 424 335
8 1732754829.112104893 189 198
9 1732754829.112104893 402 305
10 1732754829.112104893 496 339
11 1732754829.112104893 514 135
12 1732754829.112104893 106 289
13 1732754829.112104893 202 227
14 1732754829.112104893 119 252
0 1732754829.362104893 208 318
1 1732754829.362104893 183 352
2 1732754829.362104893 156 348
3 1732754829.362104893 220 364
4 1732754829.362104893 501 338
5 1732754829.362104893 167 342
6 1732754829.362104893 185 364
7 1732754829.362104893 425 336
8 1732754829.362104893 189 198
9 1732754829.362104893 403 305
10 1732754829.362104893 498 339
11 1732754829.362104893 514 136
12 1732754829.362104893 107 289
13 1732754829.362104893 203 227
14 1732754829.362104893 120 251
0 1732754829.612104893 209 318
1 1732754829.612104893 184 351
2 1732754829.612104893 155 347
3 1732754829.612104893 220 364
4 1732754829.612104893 500 339
5 1732754829.612104893 165 340
6 1732754829.612104893 186 364
7 1732754829.612104893 426 336
8 1732754829.612104893 190 197
9 1732754829.612104893 403 305
10 1732754829.612104893 498 340
11 1732754829.612104893 516 137
12 1732754829.612104893 107 288
13 1732754829.612104893 204 227
14 1732754829.612104893 120 251
0 1732754829.862104893 210 318
1 1732754829.862104893 185 351
2 1732754829.862104893 155 346
3 1732754829.862104893 220 364
4 1732754829.862104893 501 339
5 1732754829.862104893 165 339
6 1732754829.862104893 187 364
7 1732754829.862104893 427 336
8 1732754829.862104893 192 197
9 1732754829.862104893 404 305
10 1732754829.862104893 499 340
11 1732754829.862104893 518 139
12 1732754829.862104893 108 289
13 1732754829.862104893 205 226
14 1732754829.862104893 120 251
0 1732754830.112104893 212 319
1 1732754830.112104893 186 351
2 1732754830.112104893 156 346
3 1732754830.112104893 221 364
4 1732754830.112104893 502 340
5 1732754830.112104893 166 339
6 1732754830.112104893 189 365
7 1732754830.112104893 429 337
8 1732754830.112104893 194 197
9 1732754830.112104893 406 306
10 1732754830.112104893 501 340
11 1732754830.112104893 520 140
12 1732754830.112104893 111 290
13 1732754830.112104893 208 227
14 1732754830.112104893 122 252
0 1732754830.362104893 211 319
1 1732754830.362104893 189 351
2 1732754830.362104893 155 350
3 1732754830.362104893 218 365
4 1732754830.362104893 503 344
5 1732754830.362104893 163 338
6 1732754830.362104893 189 368
7 1732754830.362104893 429 339
8 1732754830.362104893 195 202
9 1732754830.362104893 406 309
10 1732754830.362104893 500 343
11 1732754830.362104893 521 144
12 1732754830.362104893 110 293
13 1732754830.362104893 209 231
14 1732754830.362104893 125 257
0 1732754830.612104893 210 319
1 1732754830.612104893 190 351
2 1732754830.612104893 155 350
3 1732754830.612104893 217 365
4 1732754830.612104893 502 343
5 1732754830.612104893 164 337
6 1732754830.612104893 191 368
7 1732754830.612104893 431 340
8 1732754830.612104893 197 201
9 1732754830.612104893 407 310
10 1732754830.612104893 499 343
11 1732754830.612104893 521 145
12 1732754830.612104893 112 293
13 1732754830.612104893 210 232
14 1732754830.612104893 125 260
0 1732754830.862104893 211 319
1 1732754830.862104893 191 351
2 1732754830.862104893 156 350
3 1732754830.862104893 216 366
4 1732754830.862104893 503 343
5 1732754830.862104893 164 337
6 1732754830.862104893 192 368
7 1732754830.862104893 431 342
8 1732754830.862104893 198 201
9 1732754830.862104893 408 310
10 1732754830.862104893 498 343
11 1732754830.862104893 522 146
12 1732754830.862104893 113 294
13 1732754830.862104893 212 232
14 1732754830.862104893 125 261
0 1732754831.112104893 212 320
1 1732754831.112104893 193 351
2 1732754831.112104893 157 349
3 1732754831.112104893 217 367
4 1732754831.112104893 504 343
5 1732754831.112104893 165 336
6 1732754831.112104893 193 368
7 1732754831.112104893 433 343
8 1732754831.112104893 200 201
9 1732754831.112104893 409 310
10 1732754831.112104893 499 343
11 1732754831.112104893 523 147
12 1732754831.112104893 115 294
13 1732754831.112104893 213 231
14 1732754831.112104893 126 261
0 1732754831.362104893 208 320
1 1732754831.362104893 192 351
2 1732754831.362104893 153 349
3 1732754831.362104893 214 368
4 1732754831.362104893 504 345
5 1732754831.362104893 163 336
6 1732754831.362104893 192 370
7 1732754831.362104893 434 345
8 1732754831.362104893 202 205
9 1732754831.362104893 409 315
10 1732754831.362104893 496 341
11 1732754831.362104893 524 151
12 1732754831.362104893 115 299
13 1732754831.362104893 213 235
14 1732754831.362104893 125 262
0 1732754831.612104893 208 321
1 1732754831.612104893 192 352
2 1732754831.612104893 154 350
3 1732754831.612104893 211 369
4 1732754831.612104893 502 346
5 1732754831.612104893 163 336
6 1732754831.612104893 193 369
7 1732754831.612104893 435 346
8 1732754831.612104893 203 205
9 1732754831.612104893 410 315
10 1732754831.612104893 494 342
11 1732754831.612104893 525 152
12 1732754831.612104893 117 301
13 1732754831.612104893 214 237
14 1732754831.612104893 126 264
0 1732754831.862104893 208 321
1 1732754831.862104893 192 352
2 1732754831.862104893 154 350
3 1732754831.862104893 211 369
4 1732754831.862104893 502 345
5 1732754831.862104893 163 335
6 1732754831.862104893 194 369
7 1732754831.862104893 436 346
8 1732754831.862104893 204 204
9 1732754831.862104893 410 316
10 1732754831.862104893 494 343
11 1732754831.862104893 526 153
12 1732754831.862104893 119 302
13 1732754831.862104893 215 238
14 1732754831.862104893 126 264
