0 1732754804.362104893 146 277
1 1732754804.362104893 119 325
2 1732754804.362104893 109 342
3 1732754804.362104893 134 293
4 1732754804.362104893 416 282
5 1732754804.362104893 97 364
6 1732754804.362104893 126 311
7 1732754804.362104893 312 251
8 1732754804.362104893 107 131
9 1732754804.362104893 344 251
10 1732754804.362104893 419 301
11 1732754804.362104893 382 29
12 1732754804.362104893 16 218
13 1732754804.362104893 102 154
14 1732754804.362104893 52 187
0 1732754804.612104893 146 277
1 1732754804.612104893 119 325
2 1732754804.612104893 109 342
3 1732754804.612104893 134 293
4 1732754804.612104893 416 282
5 1732754804.612104893 97 364
6 1732754804.612104893 126 311
7 1732754804.612104893 312 251
8 1732754804.612104893 107 130
9 1732754804.612104893 344 251
10 1732754804.612104893 419 301
11 1732754804.612104893 382 29
12 1732754804.612104893 16 218
13 1732754804.612104893 102 154
14 1732754804.612104893 52 187
0 1732754804.862104893 149 278
1 1732754804.862104893 123 326
2 1732754804.862104893 113 343
3 1732754804.862104893 138 294
4 1732754804.862104893 420 283
5 1732754804.862104893 100 365
6 1732754804.862104893 130 312
7 1732754804.862104893 316 252
8 1732754804.862104893 110 132
9 1732754804.862104893 348 252
10 1732754804.862104893 422 302
11 1732754804.862104893 386 31
12 1732754804.862104893 20 218
13 1732754804.862104893 105 155
14 1732754804.862104893 56 188
0 1732754805.112104893 151 278
1 1732754805.112104893 126 327
2 1732754805.112104893 116 343
3 1732754805.112104893 141 295
4 1732754805.112104893 423 284
5 1732754805.112104893 103 366
6 1732754805.112104893 133 312
7 1732754805.112104893 319 253
8 1732754805.112104893 113 132
9 1732754805.112104893 351 253
10 1732754805.112104893 426 303
11 1732754805.112104893 389 32
12 1732754805.112104893 23 219
13 1732754805.112104893 109 157
14 1732754805.112104893 59 189
0 1732754805.362104893 150 282
1 1732754805.362104893 131 332
2 1732754805.362104893 118 348
3 1732754805.362104893 143 299
4 1732754805.362104893 424 288
5 1732754805.362104893 100 366
6 1732754805.362104893 135 318
7 1732754805.362104893 320 256
8 1732754805.362104893 113 137
9 1732754805.362104893 350 255
10 1732754805.362104893 428 306
11 1732754805.362104893 393 37
12 1732754805.362104893 21 220
13 1732754805.362104893 113 163
14 1732754805.362104893 58 197
0 1732754805.612104893 150 285
1 1732754805.612104893 132 334
2 1732754805.612104893 119 353
3 1732754805.612104893 144 305
4 1732754805.612104893 425 289
5 1732754805.612104893 100 369
6 1732754805.612104893 136 323
7 1732754805.612104893 321 257
8 1732754805.612104893 114 140
9 1732754805.612104893 351 256
10 1732754805.612104893 430 308
11 1732754805.612104893 395 39
12 1732754805.612104893 21 223
13 1732754805.612104893 115 165
14 1732754805.612104893 60 199
0 1732754805.862104893 151 286
1 1732754805.862104893 133 337
2 1732754805.862104893 122 357
3 1732754805.862104893 146 308
4 1732754805.862104893 425 289
5 1732754805.862104893 102 370
6 1732754805.862104893 137 327
7 1732754805.862104893 323 258
8 1732754805.862104893 117 142
9 1732754805.862104893 353 256
10 1732754805.862104893 432 310
11 1732754805.862104893 397 41
12 1732754805.862104893 21 224
13 1732754805.862104893 116 167
14 1732754805.862104893 63 201
0 1732754806.112104893 154 286
1 1732754806.112104893 135 339
2 1732754806.112104893 125 359
3 1732754806.112104893 148 309
4 1732754806.112104893 427 290
5 1732754806.112104893 104 372
6 1732754806.112104893 139 329
7 1732754806.112104893 325 259
8 1732754806.112104893 118 142
9 1732754806.112104893 355 256
10 1732754806.112104893 434 311
11 1732754806.112104893 400 41
12 1732754806.112104893 22 224
13 1732754806.112104893 119 169
14 1732754806.112104893 66 202
0 1732754806.362104893 154 287
1 1732754806.362104893 137 342
2 1732754806.362104893 127 362
3 1732754806.362104893 149 311
4 1732754806.362104893 429 290
5 1732754806.362104893 106 374
6 1732754806.362104893 142 331
7 1732754806.362104893 327 260
8 1732754806.362104893 120 144
9 1732754806.362104893 357 258
10 1732754806.362104893 436 312
11 1732754806.362104893 402 43
12 1732754806.362104893 24 225
13 1732754806.362104893 121 170
14 1732754806.362104893 68 204
0 1732754806.612104893 156 288
1 1732754806.612104893 138 345
2 1732754806.612104893 129 364
3 1732754806.612104893 151 311
4 1732754806.612104893 430 290
5 1732754806.612104893 108 374
6 1732754806.612104893 144 334
7 1732754806.612104893 329 261
8 1732754806.612104893 120 144
9 1732754806.612104893 359 258
10 1732754806.612104893 439 313
11 1732754806.612104893 404 44
12 1732754806.612104893 24 225
13 1732754806.612104893 123 171
14 1732754806.612104893 70 204
0 1732754806.862104893 157 289
1 1732754806.862104893 140 347
2 1732754806.862104893 131 365
3 1732754806.862104893 152 312
4 1732754806.862104893 432 290
5 1732754806.862104893 109 375
6 1732754806.862104893 144 337
7 1732754806.862104893 331 262
8 1732754806.862104893 122 146
9 1732754806.862104893 361 259
10 1732754806.862104893 441 315
11 1732754806.862104893 406 47
12 1732754806.862104893 25 226
13 1732754806.862104893 125 172
14 1732754806.862104893 72 206
0 1732754807.112104893 158 289
1 1732754807.112104893 141 348
2 1732754807.112104893 133 366
3 1732754807.112104893 152 312
4 1732754807.112104893 434 290
5 1732754807.112104893 110 375
6 1732754807.112104893 145 339
7 1732754807.112104893 333 262
8 1732754807.112104893 123 147
9 1732754807.112104893 362 259
10 1732754807.112104893 442 316
11 1732754807.112104893 409 48
12 1732754807.112104893 26 226
13 1732754807.112104893 128 173
14 1732754807.112104893 74 206
0 1732754807.362104893 159 291
1 1732754807.362104893 142 350
2 1732754807.362104893 133 367
3 1732754807.362104893 153 314
4 1732754807.362104893 436 290
5 1732754807.362104893 112 375
6 1732754807.362104893 147 340
7 1732754807.362104893 335 263
8 1732754807.362104893 124 148
9 1732754807.362104893 364 260
10 1732754807.362104893 444 316
11 1732754807.362104893 410 50
12 1732754807.362104893 27 227
13 1732754807.362104893 130 174
14 1732754807.362104893 75 206
0 1732754807.612104893 160 291
1 1732754807.612104893 142 351
2 1732754807.612104893 135 367
3 1732754807.612104893 153 314
4 1732754807.612104893 437 291
5 1732754807.612104893 112 374
6 1732754807.612104893 148 340
7 1732754807.612104893 336 264
8 1732754807.612104893 126 150
9 1732754807.612104893 366 260
10 1732754807.612104893 445 317
11 1732754807.612104893 413 52
12 1732754807.612104893 28 228
13 1732754807.612104893 133 176
14 1732754807.612104893 75 206
0 1732754807.862104893 162 291
1 1732754807.862104893 143 352
2 1732754807.862104893 136 368
3 1732754807.862104893 153 314
4 1732754807.862104893 439 291
5 1732754807.862104893 113 374
6 1732754807.862104893 150 340
7 1732754807.862104893 338 265
8 1732754807.862104893 126 151
9 1732754807.862104893 367 261
10 1732754807.862104893 447 318
11 1732754807.862104893 414 52
12 1732754807.862104893 29 228
13 1732754807.862104893 135 177
14 1732754807.862104893 76 205
0 1732754808.112104893 163 292
1 1732754808.112104893 143 351
2 1732754808.112104893 137 368
3 1732754808.112104893 153 314
4 1732754808.112104893 440 291
5 1732754808.112104893 114 374
6 1732754808.112104893 150 340
7 1732754808.112104893 339 266
8 1732754808.112104893 128 152
9 1732754808.112104893 369 261
10 1732754808.112104893 448 318
11 1732754808.112104893 416 53
12 1732754808.112104893 30 229
13 1732754808.112104893 137 178
14 1732754808.112104893 77 205
0 1732754808.362104893 164 291
1 1732754808.362104893 143 351
2 1732754808.362104893 138 368
3 1732754808.362104893 153 315
4 1732754808.362104893 441 291
5 1732754808.362104893 115 374
6 1732754808.362104893 150 341
7 1732754808.362104893 340 266
8 1732754808.362104893 129 153
9 1732754808.362104893 370 261
10 1732754808.362104893 449 319
11 1732754808.362104893 418 54
12 1732754808.362104893 30 229
13 1732754808.362104893 139 180
14 1732754808.362104893 75 206
0 1732754808.612104893 165 290
1 1732754808.612104893 144 352
2 1732754808.612104893 138 368
3 1732754808.612104893 153 315
4 1732754808.612104893 442 292
5 1732754808.612104893 116 375
6 1732754808.612104893 151 340
7 1732754808.612104893 341 268
8 1732754808.612104893 131 154
9 1732754808.612104893 370 261
10 1732754808.612104893 450 319
11 1732754808.612104893 420 55
12 1732754808.612104893 31 229
13 1732754808.612104893 140 180
14 1732754808.612104893 76 205
0 1732754808.862104893 165 290
1 1732754808.862104893 143 353
2 1732754808.862104893 139 368
3 1732754808.862104893 153 315
4 1732754808.862104893 443 292
5 1732754808.862104893 117 374
6 1732754808.862104893 151 340
7 1732754808.862104893 343 269
8 1732754808.862104893 131 155
9 1732754808.862104893 371 261
10 1732754808.862104893 451 320
11 1732754808.862104893 421 55
12 1732754808.862104893 31 230
13 1732754808.862104893 141 181
14 1732754808.862104893 75 206
0 1732754809.112104893 165 290
1 1732754809.112104893 143 352
2 1732754809.112104893 141 369
3 1732754809.112104893 153 315
4 1732754809.112104893 444 292
5 1732754809.112104893 118 374
6 1732754809.112104893 152 341
7 1732754809.112104893 343 269
8 1732754809.112104893 132 155
9 1732754809.112104893 372 260
10 1732754809.112104893 452 321
11 1732754809.112104893 424 56
12 1732754809.112104893 32 230
13 1732754809.112104893 143 182
14 1732754809.112104893 77 207
0 1732754809.362104893 166 290
1 1732754809.362104893 144 352
2 1732754809.362104893 141 369
3 1732754809.362104893 153 314
4 1732754809.362104893 445 292
5 1732754809.362104893 119 374
6 1732754809.362104893 152 341
7 1732754809.362104893 344 270
8 1732754809.362104893 134 156
9 1732754809.362104893 374 261
10 1732754809.362104893 453 321
11 1732754809.362104893 425 58
12 1732754809.362104893 32 231
13 1732754809.362104893 144 183
14 1732754809.362104893 77 206
0 1732754809.612104893 166 290
1 1732754809.612104893 143 351
2 1732754809.612104893 141 370
3 1732754809.612104893 153 315
4 1732754809.612104893 446 292
5 1732754809.612104893 120 373
6 1732754809.612104893 151 341
7 1732754809.612104893 345 271
8 1732754809.612104893 135 156
9 1732754809.612104893 375 261
10 1732754809.612104893 454 321
11 1732754809.612104893 426 59
12 1732754809.612104893 32 231
13 1732754809.612104893 146 183
14 1732754809.612104893 77 205
0 1732754809.862104893 166 291
1 1732754809.862104893 144 351
2 1732754809.862104893 142 370
3 1732754809.862104893 153 315
4 1732754809.862104893 446 292
5 1732754809.862104893 120 373
6 1732754809.862104893 152 341
7 1732754809.862104893 346 272
8 1732754809.862104893 136 158
9 1732754809.862104893 376 261
10 1732754809.862104893 454 322
11 1732754809.862104893 427 58
12 1732754809.862104893 33 232
13 1732754809.862104893 147 184
14 1732754809.862104893 77 206
0 1732754810.112104893 167 290
1 1732754810.112104893 143 352
2 1732754810.112104893 142 370
3 1732754810.112104893 153 315
4 1732754810.112104893 447 292
5 1732754810.112104893 121 373
6 1732754810.112104893 151 341
7 1732754810.112104893 347 273
8 1732754810.112104893 137 159
9 1732754810.112104893 376 261
10 1732754810.112104893 455 322
11 1732754810.112104893 429 59
12 1732754810.112104893 33 232
13 1732754810.112104893 148 184
14 1732754810.112104893 78 205
0 1732754810.362104893 167 289
1 1732754810.362104893 143 352
2 1732754810.362104893 142 370
3 1732754810.362104893 153 315
4 1732754810.362104893 448 292
5 1732754810.362104893 121 374
6 1732754810.362104893 151 341
7 1732754810.362104893 348 273
8 1732754810.362104893 138 159
9 1732754810.362104893 377 261
10 1732754810.362104893 456 323
11 1732754810.362104893 430 60
12 1732754810.362104893 33 232
13 1732754810.362104893 148 185
14 1732754810.362104893 78 207
0 1732754810.612104893 168 289
1 1732754810.612104893 143 351
2 1732754810.612104893 142 371
3 1732754810.612104893 153 315
4 1732754810.612104893 449 292
5 1732754810.612104893 122 374
6 1732754810.612104893 151 340
7 1732754810.612104893 349 274
8 1732754810.612104893 139 161
9 1732754810.612104893 378 261
10 1732754810.612104893 457 323
11 1732754810.612104893 431 59
12 1732754810.612104893 34 233
13 1732754810.612104893 149 186
14 1732754810.612104893 79 208
0 1732754810.862104893 168 289
1 1732754810.862104893 144 351
2 1732754810.862104893 143 371
3 1732754810.862104893 153 315
4 1732754810.862104893 450 292
5 1732754810.862104893 122 373
6 1732754810.862104893 151 341
7 1732754810.862104893 349 275
8 1732754810.862104893 140 162
9 1732754810.862104893 378 261
10 1732754810.862104893 457 324
11 1732754810.862104893 432 60
12 1732754810.862104893 33 232
13 1732754810.862104893 150 186
14 1732754810.862104893 78 206
0 1732754811.112104893 168 289
1 1732754811.112104893 144 352
2 1732754811.112104893 143 371
3 1732754811.112104893 153 315
4 1732754811.112104893 451 292
5 1732754811.112104893 122 374
6 1732754811.112104893 151 341
7 1732754811.112104893 350 276
8 1732754811.112104893 140 162
9 1732754811.112104893 379 261
10 1732754811.112104893 458 324
11 1732754811.112104893 433 60
12 1732754811.112104893 34 232
13 1732754811.112104893 151 187
14 1732754811.112104893 79 205
0 1732754811.362104893 168 289
1 1732754811.362104893 144 353
2 1732754811.362104893 144 371
3 1732754811.362104893 153 315
4 1732754811.362104893 452 293
5 1732754811.362104893 123 373
6 1732754811.362104893 151 341
7 1732754811.362104893 350 276
8 1732754811.362104893 141 163
9 1732754811.362104893 379 261
10 1732754811.362104893 459 324
11 1732754811.362104893 434 61
12 1732754811.362104893 34 232
13 1732754811.362104893 152 187
14 1732754811.362104893 78 206
0 1732754811.612104893 168 289
1 1732754811.612104893 144 352
2 1732754811.612104893 144 371
3 1732754811.612104893 153 315
4 1732754811.612104893 452 293
5 1732754811.612104893 124 373
6 1732754811.612104893 151 341
7 1732754811.612104893 351 277
8 1732754811.612104893 142 164
9 1732754811.612104893 380 261
10 1732754811.612104893 459 324
11 1732754811.612104893 436 61
12 1732754811.612104893 35 233
13 1732754811.612104893 153 188
14 1732754811.612104893 79 208
0 1732754811.862104893 168 288
1 1732754811.862104893 143 351
2 1732754811.862104893 144 371
3 1732754811.862104893 153 315
4 1732754811.862104893 453 293
5 1732754811.862104893 125 373
6 1732754811.862104893 151 341
7 1732754811.862104893 352 279
8 1732754811.862104893 142 164
9 1732754811.862104893 381 260
10 1732754811.862104893 460 325
11 1732754811.862104893 436 59
12 1732754811.862104893 35 232
13 1732754811.862104893 153 189
14 1732754811.862104893 78 207
0 1732754812.112104893 168 288
1 1732754812.112104893 144 351
2 1732754812.112104893 145 371
3 1732754812.112104893 153 315
4 1732754812.112104893 454 293
5 1732754812.112104893 125 373
6 1732754812.112104893 151 341
7 1732754812.112104893 353 280
8 1732754812.112104893 143 165
9 1732754812.112104893 381 261
10 1732754812.112104893 460 325
11 1732754812.112104893 437 61
12 1732754812.112104893 36 233
13 1732754812.112104893 155 190
14 1732754812.112104893 80 208
0 1732754812.362104893 168 291
1 1732754812.362104893 144 356
2 1732754812.362104893 146 375
3 1732754812.362104893 153 319
4 1732754812.362104893 452 295
5 1732754812.362104893 124 374
6 1732754812.362104893 153 345
7 1732754812.362104893 352 283
8 1732754812.362104893 143 167
9 1732754812.362104893 379 261
10 1732754812.362104893 459 329
11 1732754812.362104893 435 63
12 1732754812.362104893 36 237
13 1732754812.362104893 154 193
14 1732754812.362104893 82 212
0 1732754812.612104893 169 292
1 1732754812.612104893 145 357
2 1732754812.612104893 146 376
3 1732754812.612104893 154 321
4 1732754812.612104893 452 295
5 1732754812.612104893 126 376
6 1732754812.612104893 154 346
7 1732754812.612104893 352 285
8 1732754812.612104893 143 168
9 1732754812.612104893 379 263
10 1732754812.612104893 460 331
11 1732754812.612104893 436 64
12 1732754812.612104893 36 238
13 1732754812.612104893 155 194
14 1732754812.612104893 82 214
0 1732754812.862104893 170 292
1 1732754812.862104893 146 358
2 1732754812.862104893 147 377
3 1732754812.862104893 155 321
4 1732754812.862104893 452 295
5 1732754812.862104893 128 376
6 1732754812.862104893 155 346
7 1732754812.862104893 353 285
8 1732754812.862104893 143 168
9 1732754812.862104893 379 263
10 1732754812.862104893 461 331
11 1732754812.862104893 437 65
12 1732754812.862104893 37 238
13 1732754812.862104893 157 196
14 1732754812.862104893 83 215
0 1732754813.112104893 171 292
1 1732754813.112104893 147 359
2 1732754813.112104893 148 378
3 1732754813.112104893 156 321
4 1732754813.112104893 451 295
5 1732754813.112104893 129 376
6 1732754813.112104893 156 346
7 1732754813.112104893 354 285
8 1732754813.112104893 144 168
9 1732754813.112104893 380 264
10 1732754813.112104893 462 332
11 1732754813.112104893 439 64
12 1732754813.112104893 38 239
13 1732754813.112104893 158 196
14 1732754813.112104893 84 215
0 1732754813.362104893 172 293
1 1732754813.362104893 149 359
2 1732754813.362104893 149 378
3 1732754813.362104893 157 322
4 1732754813.362104893 452 295
5 1732754813.362104893 129 375
6 1732754813.362104893 157 346
7 1732754813.362104893 355 286
8 1732754813.362104893 145 169
9 1732754813.362104893 382 266
10 1732754813.362104893 463 332
11 1732754813.362104893 440 64
12 1732754813.362104893 40 239
13 1732754813.362104893 160 197
14 1732754813.362104893 85 215
0 1732754813.612104893 173 293
1 1732754813.612104893 150 358
2 1732754813.612104893 150 379
3 1732754813.612104893 158 322
4 1732754813.612104893 453 295
5 1732754813.612104893 129 375
6 1732754813.612104893 158 346
7 1732754813.612104893 356 286
8 1732754813.612104893 146 169
9 1732754813.612104893 383 267
10 1732754813.612104893 465 333
11 1732754813.612104893 441 64
12 1732754813.612104893 41 240
13 1732754813.612104893 162 197
14 1732754813.612104893 85 216
0 1732754813.862104893 174 293
1 1732754813.862104893 150 357
2 1732754813.862104893 151 379
3 1732754813.862104893 158 322
4 1732754813.862104893 453 295
5 1732754813.862104893 130 374
6 1732754813.862104893 159 346
7 1732754813.862104893 357 286
8 1732754813.862104893 147 170
9 1732754813.862104893 385 268
10 1732754813.862104893 466 333
11 1732754813.862104893 441 64
12 1732754813.862104893 42 240
13 1732754813.862104893 163 198
14 1732754813.862104893 86 216
0 1732754814.112104893 175 293
1 1732754814.112104893 151 358
2 1732754814.112104893 151 379
3 1732754814.112104893 159 323
4 1732754814.112104893 453 295
5 1732754814.112104893 131 374
6 1732754814.112104893 160 346
7 1732754814.112104893 358 286
8 1732754814.112104893 147 171
9 1732754814.112104893 386 268
10 1732754814.112104893 467 334
11 1732754814.112104893 442 64
12 1732754814.112104893 43 239
13 1732754814.112104893 164 198
14 1732754814.112104893 87 216
0 1732754814.362104893 175 293
1 1732754814.362104893 151 358
2 1732754814.362104893 152 379
3 1732754814.362104893 159 323
4 1732754814.362104893 454 296
5 1732754814.362104893 131 374
6 1732754814.362104893 161 346
7 1732754814.362104893 359 287
8 1732754814.362104893 148 171
9 1732754814.362104893 387 269
10 1732754814.362104893 468 335
11 1732754814.362104893 442 64
12 1732754814.362104893 43 239
13 1732754814.362104893 165 198
14 1732754814.362104893 86 216
0 1732754814.612104893 176 293
1 1732754814.612104893 151 358
2 1732754814.612104893 152 380
3 1732754814.612104893 160 323
4 1732754814.612104893 454 296
5 1732754814.612104893 131 374
6 1732754814.612104893 161 347
7 1732754814.612104893 359 287
8 1732754814.612104893 149 172
9 1732754814.612104893 388 269
10 1732754814.612104893 469 336
11 1732754814.612104893 442 65
12 1732754814.612104893 44 240
13 1732754814.612104893 166 198
14 1732754814.612104893 87 216
0 1732754814.862104893 176 293
1 1732754814.862104893 151 358
2 1732754814.862104893 153 380
3 1732754814.862104893 160 324
4 1732754814.862104893 454 296
5 1732754814.862104893 132 374
6 1732754814.862104893 161 346
7 1732754814.862104893 360 288
8 1732754814.862104893 150 173
9 1732754814.862104893 389 270
10 1732754814.862104893 470 336
11 1732754814.862104893 442 65
12 1732754814.862104893 45 242
13 1732754814.862104893 168 199
14 1732754814.862104893 87 216
0 1732754815.112104893 176 293
1 1732754815.112104893 151 358
2 1732754815.112104893 153 381
3 1732754815.112104893 160 324
4 1732754815.112104893 454 296
5 1732754815.112104893 132 374
6 1732754815.112104893 162 347
7 1732754815.112104893 361 288
8 1732754815.112104893 150 173
9 1732754815.112104893 390 270
10 1732754815.112104893 471 337
11 1732754815.112104893 442 65
12 1732754815.112104893 44 240
13 1732754815.112104893 169 199
14 1732754815.112104893 87 215
0 1732754815.362104893 177 293
1 1732754815.362104893 151 358
2 1732754815.362104893 154 381
3 1732754815.362104893 160 325
4 1732754815.362104893 454 296
5 1732754815.362104893 132 373
6 1732754815.362104893 163 347
7 1732754815.362104893 362 289
8 1732754815.362104893 151 174
9 1732754815.362104893 391 271
10 1732754815.362104893 472 338
11 1732754815.362104893 442 65
12 1732754815.362104893 44 239
13 1732754815.362104893 170 198
14 1732754815.362104893 88 216
0 1732754815.612104893 176 296
1 1732754815.612104893 150 361
2 1732754815.612104893 153 383
3 1732754815.612104893 159 327
4 1732754815.612104893 454 299
5 1732754815.612104893 131 376
6 1732754815.612104893 162 350
7 1732754815.612104893 361 291
8 1732754815.612104893 150 177
9 1732754815.612104893 386 269
10 1732754815.612104893 472 342
11 1732754815.612104893 442 68
12 1732754815.612104893 43 241
13 1732754815.612104893 170 201
14 1732754815.612104893 87 219
0 1732754815.862104893 176 296
1 1732754815.862104893 150 361
2 1732754815.862104893 154 384
3 1732754815.862104893 159 328
4 1732754815.862104893 454 299
5 1732754815.862104893 131 376
6 1732754815.862104893 162 351
7 1732754815.862104893 362 292
8 1732754815.862104893 151 178
9 1732754815.862104893 385 269
10 1732754815.862104893 472 344
11 1732754815.862104893 442 69
12 1732754815.862104893 43 242
13 1732754815.862104893 170 201
14 1732754815.862104893 87 220
0 1732754816.112104893 176 297
1 1732754816.112104893 149 361
2 1732754816.112104893 153 385
3 1732754816.112104893 158 328
4 1732754816.112104893 454 300
5 1732754816.112104893 130 377
6 1732754816.112104893 161 351
7 1732754816.112104893 361 292
8 1732754816.112104893 150 179
9 1732754816.112104893 385 269
10 1732754816.112104893 472 346
11 1732754816.112104893 441 69
12 1732754816.112104893 42 242
13 1732754816.112104893 168 202
14 1732754816.112104893 87 220
0 1732754816.362104893 176 297
1 1732754816.362104893 148 362
2 1732754816.362104893 154 386
3 1732754816.362104893 158 329
4 1732754816.362104893 454 300
5 1732754816.362104893 131 377
6 1732754816.362104893 160 351
7 1732754816.362104893 362 292
8 1732754816.362104893 151 180
9 1732754816.362104893 386 269
10 1732754816.362104893 473 347
11 1732754816.362104893 441 70
12 1732754816.362104893 43 243
13 1732754816.362104893 169 201
14 1732754816.362104893 89 220
0 1732754816.612104893 178 298
1 1732754816.612104893 149 363
2 1732754816.612104893 155 387
3 1732754816.612104893 159 330
4 1732754816.612104893 455 300
5 1732754816.612104893 132 377
6 1732754816.612104893 161 352
7 1732754816.612104893 363 292
8 1732754816.612104893 152 182
9 1732754816.612104893 387 269
10 1732754816.612104893 474 348
11 1732754816.612104893 442 71
12 1732754816.612104893 44 243
13 1732754816.612104893 170 201
14 1732754816.612104893 90 221
0 1732754816.862104893 179 298
1 1732754816.862104893 149 363
2 1732754816.862104893 156 388
3 1732754816.862104893 160 331
4 1732754816.862104893 457 300
5 1732754816.862104893 134 378
6 1732754816.862104893 162 353
7 1732754816.862104893 364 292
8 1732754816.862104893 154 184
9 1732754816.862104893 388 268
10 1732754816.862104893 476 349
11 1732754816.862104893 443 72
12 1732754816.862104893 46 243
13 1732754816.862104893 171 203
14 1732754816.862104893 92 221
0 1732754817.112104893 181 299
1 1732754817.112104893 150 364
2 1732754817.112104893 158 389
3 1732754817.112104893 161 332
4 1732754817.112104893 458 302
5 1732754817.112104893 135 379
6 1732754817.112104893 163 353
7 1732754817.112104893 366 292
8 1732754817.112104893 156 185
9 1732754817.112104893 389 268
10 1732754817.112104893 477 350
11 1732754817.112104893 444 73
12 1732754817.112104893 47 244
13 1732754817.112104893 171 202
14 1732754817.112104893 94 222
0 1732754817.362104893 184 301
1 1732754817.362104893 151 365
2 1732754817.362104893 160 390
3 1732754817.362104893 163 333
4 1732754817.362104893 460 304
5 1732754817.362104893 137 380
6 1732754817.362104893 165 354
7 1732754817.362104893 368 291
8 1732754817.362104893 158 186
9 1732754817.362104893 390 268
10 1732754817.362104893 479 351
11 1732754817.362104893 446 74
12 1732754817.362104893 48 244
13 1732754817.362104893 172 203
14 1732754817.362104893 95 223
0 1732754817.612104893 185 302
1 1732754817.612104893 152 365
2 1732754817.612104893 161 391
3 1732754817.612104893 164 333
4 1732754817.612104893 461 305
5 1732754817.612104893 138 381
6 1732754817.612104893 166 354
7 1732754817.612104893 370 291
8 1732754817.612104893 160 188
9 1732754817.612104893 392 267
10 1732754817.612104893 480 351
11 1732754817.612104893 448 76
12 1732754817.612104893 49 244
13 1732754817.612104893 173 203
14 1732754817.612104893 96 223
0 1732754817.862104893 186 302
1 1732754817.862104893 153 365
2 1732754817.862104893 162 391
3 1732754817.862104893 165 334
4 1732754817.862104893 463 306
5 1732754817.862104893 139 381
6 1732754817.862104893 167 354
7 1732754817.862104893 371 290
8 1732754817.862104893 162 189
9 1732754817.862104893 393 265
10 1732754817.862104893 482 352
11 1732754817.862104893 450 79
12 1732754817.862104893 50 244
13 1732754817.862104893 174 203
14 1732754817.862104893 97 222
0 1732754818.112104893 187 302
1 1732754818.112104893 153 365
2 1732754818.112104893 163 392
3 1732754818.112104893 167 334
4 1732754818.112104893 464 307
5 1732754818.112104893 140 382
6 1732754818.112104893 168 355
7 1732754818.112104893 373 288
8 1732754818.112104893 163 191
9 1732754818.112104893 394 264
10 1732754818.112104893 483 353
11 1732754818.112104893 452 80
12 1732754818.112104893 51 245
13 1732754818.112104893 173 201
14 1732754818.112104893 98 222
0 1732754818.362104893 189 303
1 1732754818.362104893 154 364
2 1732754818.362104893 165 393
3 1732754818.362104893 168 334
4 1732754818.362104893 465 308
5 1732754818.362104893 141 382
6 1732754818.362104893 170 355
7 1732754818.362104893 374 287
8 1732754818.362104893 165 192
9 1732754818.362104893 395 263
10 1732754818.362104893 484 354
11 1732754818.362104893 453 81
12 1732754818.362104893 52 244
13 1732754818.362104893 174 203
14 1732754818.362104893 100 222
0 1732754818.612104893 189 303
1 1732754818.612104893 154 364
2 1732754818.612104893 168 395
3 1732754818.612104893 169 333
4 1732754818.612104893 467 310
5 1732754818.612104893 142 382
6 1732754818.612104893 170 355
7 1732754818.612104893 375 285
8 1732754818.612104893 167 194
9 1732754818.612104893 397 262
10 1732754818.612104893 486 354
11 1732754818.612104893 455 81
12 1732754818.612104893 52 244
13 1732754818.612104893 175 203
14 1732754818.612104893 101 222
0 1732754818.862104893 191 303
1 1732754818.862104893 155 362
2 1732754818.862104893 170 396
3 1732754818.862104893 170 333
4 1732754818.862104893 468 311
5 1732754818.862104893 142 382
6 1732754818.862104893 171 354
7 1732754818.862104893 376 283
8 1732754818.862104893 168 195
9 1732754818.862104893 398 260
10 1732754818.862104893 487 355
11 1732754818.862104893 456 82
12 1732754818.862104893 53 246
13 1732754818.862104893 175 201
14 1732754818.862104893 102 222
0 1732754819.112104893 192 305
1 1732754819.112104893 155 362
2 1732754819.112104893 172 396
3 1732754819.112104893 170 332
4 1732754819.112104893 469 311
5 1732754819.112104893 143 382
6 1732754819.112104893 172 354
7 1732754819.112104893 376 282
8 1732754819.112104893 170 198
9 1732754819.112104893 399 258
10 1732754819.112104893 488 355
11 1732754819.112104893 457 82
12 1732754819.112104893 54 247
13 1732754819.112104893 174 201
14 1732754819.112104893 104 223
0 1732754819.362104893 192 304
1 1732754819.362104893 155 360
2 1732754819.362104893 173 395
3 1732754819.362104893 172 332
4 1732754819.362104893 470 311
5 1732754819.362104893 144 382
6 1732754819.362104893 173 353
7 1732754819.362104893 377 281
8 1732754819.362104893 171 198
9 1732754819.362104893 400 255
10 1732754819.362104893 489 355
11 1732754819.362104893 458 82
12 1732754819.362104893 55 247
13 1732754819.362104893 175 202
14 1732754819.362104893 104 223
0 1732754819.612104893 192 308
1 1732754819.612104893 155 363
2 1732754819.612104893 172 399
3 1732754819.612104893 172 334
4 1732754819.612104893 470 316
5 1732754819.612104893 143 383
6 1732754819.612104893 172 357
7 1732754819.612104893 378 283
8 1732754819.612104893 171 202
9 1732754819.612104893 401 257
10 1732754819.612104893 489 359
11 1732754819.612104893 458 86
12 1732754819.612104893 54 250
13 1732754819.612104893 175 205
14 1732754819.612104893 103 226
0 1732754819.862104893 192 309
1 1732754819.862104893 155 363
2 1732754819.862104893 172 400
3 1732754819.862104893 173 335
4 1732754819.862104893 470 317
5 1732754819.862104893 143 383
6 1732754819.862104893 173 357
7 1732754819.862104893 378 283
8 1732754819.862104893 172 203
9 1732754819.862104893 400 257
10 1732754819.862104893 489 362
11 1732754819.862104893 459 87
12 1732754819.862104893 55 251
13 1732754819.862104893 175 206
14 1732754819.862104893 103 226
0 1732754820.112104893 193 314
1 1732754820.112104893 154 367
2 1732754820.112104893 171 403
3 1732754820.112104893 169 336
4 1732754820.112104893 471 320
5 1732754820.112104893 145 385
6 1732754820.112104893 172 360
7 1732754820.112104893 374 284
8 1732754820.112104893 176 208
9 1732754820.112104893 403 261
10 1732754820.112104893 490 367
11 1732754820.112104893 458 90
12 1732754820.112104893 56 256
13 1732754820.112104893 179 210
14 1732754820.112104893 103 231
0 1732754820.362104893 194 315
1 1732754820.362104893 155 367
2 1732754820.362104893 172 404
3 1732754820.362104893 170 337
4 1732754820.362104893 472 321
5 1732754820.362104893 144 385
6 1732754820.362104893 173 361
7 1732754820.362104893 375 284
8 1732754820.362104893 177 209
9 1732754820.362104893 401 261
10 1732754820.362104893 491 369
11 1732754820.362104893 459 92
12 1732754820.362104893 57 256
13 1732754820.362104893 179 211
14 1732754820.362104893 104 232
0 1732754820.612104893 195 316
1 1732754820.612104893 155 368
2 1732754820.612104893 173 405
3 1732754820.612104893 171 337
4 1732754820.612104893 473 322
5 1732754820.612104893 144 385
6 1732754820.612104893 173 361
7 1732754820.612104893 375 285
8 1732754820.612104893 178 210
9 1732754820.612104893 400 261
10 1732754820.612104893 492 370
11 1732754820.612104893 460 93
12 1732754820.612104893 57 257
13 1732754820.612104893 181 211
14 1732754820.612104893 105 233
0 1732754820.862104893 195 319
1 1732754820.862104893 154 369
2 1732754820.862104893 171 404
3 1732754820.862104893 169 336
4 1732754820.862104893 472 325
5 1732754820.862104893 143 387
6 1732754820.862104893 173 363
7 1732754820.862104893 375 286
8 1732754820.862104893 178 213
9 1732754820.862104893 399 263
10 1732754820.862104893 492 373
11 1732754820.862104893 459 95
12 1732754820.862104893 57 259
13 1732754820.862104893 181 214
14 1732754820.862104893 104 236
0 1732754821.112104893 196 319
1 1732754821.112104893 154 369
2 1732754821.112104893 170 405
3 1732754821.112104893 167 337
4 1732754821.112104893 473 325
5 1732754821.112104893 143 387
6 1732754821.112104893 173 363
7 1732754821.112104893 376 286
8 1732754821.112104893 178 213
9 1732754821.112104893 397 263
10 1732754821.112104893 493 373
11 1732754821.112104893 459 95
12 1732754821.112104893 58 260
13 1732754821.112104893 181 213
14 1732754821.112104893 105 236
0 1732754821.362104893 196 319
1 1732754821.362104893 154 369
2 1732754821.362104893 170 406
3 1732754821.362104893 167 337
4 1732754821.362104893 472 326
5 1732754821.362104893 143 387
6 1732754821.362104893 173 363
7 1732754821.362104893 376 288
8 1732754821.362104893 178 212
9 1732754821.362104893 396 262
10 1732754821.362104893 493 374
11 1732754821.362104893 459 95
12 1732754821.362104893 57 260
13 1732754821.362104893 180 212
14 1732754821.362104893 106 235
0 1732754821.612104893 197 319
1 1732754821.612104893 155 369
2 1732754821.612104893 171 407
3 1732754821.612104893 167 338
4 1732754821.612104893 472 326
5 1732754821.612104893 144 388
6 1732754821.612104893 173 364
7 1732754821.612104893 378 289
8 1732754821.612104893 180 213
9 1732754821.612104893 396 262
10 1732754821.612104893 494 374
11 1732754821.612104893 460 96
12 1732754821.612104893 58 259
13 1732754821.612104893 180 213
14 1732754821.612104893 107 235
0 1732754821.862104893 198 319
1 1732754821.862104893 156 370
2 1732754821.862104893 173 408
3 1732754821.862104893 168 338
4 1732754821.862104893 473 327
5 1732754821.862104893 146 389
6 1732754821.862104893 175 364
7 1732754821.862104893 379 290
8 1732754821.862104893 182 214
9 1732754821.862104893 397 262
10 1732754821.862104893 496 375
11 1732754821.862104893 461 96
12 1732754821.862104893 58 258
13 1732754821.862104893 182 213
14 1732754821.862104893 109 235
0 1732754822.112104893 199 319
1 1732754822.112104893 158 371
2 1732754822.112104893 174 409
3 1732754822.112104893 169 339
4 1732754822.112104893 475 328
5 1732754822.112104893 149 390
6 1732754822.112104893 176 364
7 1732754822.112104893 381 291
8 1732754822.112104893 184 216
9 1732754822.112104893 398 262
10 1732754822.112104893 499 375
11 1732754822.112104893 463 97
12 1732754822.112104893 59 258
13 1732754822.112104893 184 214
14 1732754822.112104893 112 235
0 1732754822.362104893 200 318
1 1732754822.362104893 160 372
2 1732754822.362104893 176 409
3 1732754822.362104893 170 339
4 1732754822.362104893 477 329
5 1732754822.362104893 151 391
6 1732754822.362104893 178 364
7 1732754822.362104893 382 292
8 1732754822.362104893 185 217
9 1732754822.362104893 399 262
10 1732754822.362104893 501 375
11 1732754822.362104893 465 99
12 1732754822.362104893 60 257
13 1732754822.362104893 185 214
14 1732754822.362104893 113 233
0 1732754822.612104893 202 317
1 1732754822.612104893 162 372
2 1732754822.612104893 177 410
3 1732754822.612104893 172 340
4 1732754822.612104893 479 330
5 1732754822.612104893 152 392
6 1732754822.612104893 180 364
7 1732754822.612104893 384 292
8 1732754822.612104893 186 217
9 1732754822.612104893 401 261
10 1732754822.612104893 504 375
11 1732754822.612104893 468 100
12 1732754822.612104893 60 256
13 1732754822.612104893 186 215
14 1732754822.612104893 115 233
0 1732754822.862104893 203 316
1 1732754822.862104893 164 373
2 1732754822.862104893 178 410
3 1732754822.862104893 173 341
4 1732754822.862104893 481 331
5 1732754822.862104893 154 394
6 1732754822.862104893 181 364
7 1732754822.862104893 385 291
8 1732754822.862104893 188 218
9 1732754822.862104893 403 261
10 1732754822.862104893 507 376
11 1732754822.862104893 470 100
12 1732754822.862104893 61 257
13 1732754822.862104893 188 216
14 1732754822.862104893 116 233
0 1732754823.112104893 203 319
1 1732754823.112104893 164 374
2 1732754823.112104893 177 409
3 1732754823.112104893 174 344
4 1732754823.112104893 479 334
5 1732754823.112104893 154 396
6 1732754823.112104893 181 366
7 1732754823.112104893 385 296
8 1732754823.112104893 187 221
9 1732754823.112104893 403 264
10 1732754823.112104893 507 379
11 1732754823.112104893 471 104
12 1732754823.112104893 60 260
13 1732754823.112104893 187 219
14 1732754823.112104893 116 236
0 1732754823.362104893 205 318
1 1732754823.362104893 165 375
2 1732754823.362104893 176 411
3 1732754823.362104893 174 345
4 1732754823.362104893 480 335
5 1732754823.362104893 153 396
6 1732754823.362104893 179 365
7 1732754823.362104893 386 297
8 1732754823.362104893 188 222
9 1732754823.362104893 403 264
10 1732754823.362104893 508 380
11 1732754823.362104893 472 105
12 1732754823.362104893 61 261
13 1732754823.362104893 188 219
14 1732754823.362104893 117 237
0 1732754823.612104893 206 318
1 1732754823.612104893 166 374
2 1732754823.612104893 176 412
3 1732754823.612104893 174 344
4 1732754823.612104893 480 336
5 1732754823.612104893 151 396
6 1732754823.612104893 179 364
7 1732754823.612104893 387 298
8 1732754823.612104893 189 223
9 1732754823.612104893 403 264
10 1732754823.612104893 507 380
11 1732754823.612104893 473 106
12 1732754823.612104893 61 261
13 1732754823.612104893 189 221
14 1732754823.612104893 117 237
0 1732754823.862104893 206 318
1 1732754823.862104893 167 374
2 1732754823.862104893 177 413
3 1732754823.862104893 174 344
4 1732754823.862104893 481 336
5 1732754823.862104893 151 396
6 1732754823.862104893 179 363
7 1732754823.862104893 389 299
8 1732754823.862104893 191 224
9 1732754823.862104893 404 264
10 1732754823.862104893 509 381
11 1732754823.862104893 475 107
12 1732754823.862104893 62 262
13 1732754823.862104893 191 222
14 1732754823.862104893 119 237
0 1732754824.112104893 207 318
1 1732754824.112104893 168 373
2 1732754824.112104893 179 414
3 1732754824.112104893 174 344
4 1732754824.112104893 482 337
5 1732754824.112104893 151 396
6 1732754824.112104893 180 363
7 1732754824.112104893 391 300
8 1732754824.112104893 193 224
9 1732754824.112104893 405 264
10 1732754824.112104893 511 381
11 1732754824.112104893 477 107
12 1732754824.112104893 64 263
13 1732754824.112104893 193 224
14 1732754824.112104893 121 238
0 1732754824.362104893 208 318
1 1732754824.362104893 169 373
2 1732754824.362104893 180 414
3 1732754824.362104893 174 343
4 1732754824.362104893 483 337
5 1732754824.362104893 152 395
6 1732754824.362104893 181 362
7 1732754824.362104893 392 301
8 1732754824.362104893 195 225
9 1732754824.362104893 407 265
10 1732754824.362104893 512 382
11 1732754824.362104893 479 108
12 1732754824.362104893 65 264
13 1732754824.362104893 195 226
14 1732754824.362104893 121 237
0 1732754824.612104893 210 317
1 1732754824.612104893 171 372
2 1732754824.612104893 182 415
3 1732754824.612104893 175 343
4 1732754824.612104893 484 338
5 1732754824.612104893 153 395
6 1732754824.612104893 182 362
7 1732754824.612104893 393 302
8 1732754824.612104893 197 224
9 1732754824.612104893 408 265
10 1732754824.612104893 515 383
11 1732754824.612104893 481 109
12 1732754824.612104893 66 264
13 1732754824.612104893 197 226
14 1732754824.612104893 122 237
0 1732754824.862104893 211 317
1 1732754824.862104893 172 371
2 1732754824.862104893 183 415
3 1732754824.862104893 176 342
4 1732754824.862104893 486 338
5 1732754824.862104893 153 395
6 1732754824.862104893 184 361
7 1732754824.862104893 395 303
8 1732754824.862104893 199 225
9 1732754824.862104893 409 265
10 1732754824.862104893 516 383
11 1732754824.862104893 483 111
12 1732754824.862104893 67 264
13 1732754824.862104893 200 228
14 1732754824.862104893 124 238
0 1732754825.112104893 212 316
1 1732754825.112104893 173 370
2 1732754825.112104893 185 415
3 1732754825.112104893 176 341
4 1732754825.112104893 487 339
5 1732754825.112104893 154 394
6 1732754825.112104893 185 361
7 1732754825.112104893 397 304
8 1732754825.112104893 200 225
9 1732754825.112104893 411 265
10 1732754825.112104893 517 384
11 1732754825.112104893 485 112
12 1732754825.112104893 68 264
13 1732754825.112104893 202 227
14 1732754825.112104893 125 239
0 1732754825.362104893 213 316
1 1732754825.362104893 175 369
2 1732754825.362104893 186 415
3 1732754825.362104893 177 340
4 1732754825.362104893 488 339
5 1732754825.362104893 155 394
6 1732754825.362104893 186 360
7 1732754825.362104893 400 305
8 1732754825.362104893 201 225
9 1732754825.362104893 412 265
10 1732754825.362104893 518 384
11 1732754825.362104893 487 112
12 1732754825.362104893 69 265
13 1732754825.362104893 204 227
14 1732754825.362104893 124 237
0 1732754825.612104893 211 316
1 1732754825.612104893 175 370
2 1732754825.612104893 185 415
3 1732754825.612104893 178 343
4 1732754825.612104893 483 337
5 1732754825.612104893 157 396
6 1732754825.612104893 185 360
7 1732754825.612104893 399 307
8 1732754825.612104893 201 229
9 1732754825.612104893 412 266
10 1732754825.612104893 518 387
11 1732754825.612104893 484 113
12 1732754825.612104893 68 268
13 1732754825.612104893 204 230
14 1732754825.612104893 124 241
0 1732754825.862104893 212 316
1 1732754825.862104893 176 368
2 1732754825.862104893 185 415
3 1732754825.862104893 178 342
4 1732754825.862104893 483 336
5 1732754825.862104893 158 395
6 1732754825.862104893 186 362
7 1732754825.862104893 400 308
8 1732754825.862104893 202 229
9 1732754825.862104893 412 266
10 1732754825.862104893 518 388
11 1732754825.862104893 483 114
12 1732754825.862104893 69 268
13 1732754825.862104893 205 231
14 1732754825.862104893 124 241
0 1732754826.112104893 212 316
1 1732754826.112104893 177 367
2 1732754826.112104893 185 415
3 1732754826.112104893 179 342
4 1732754826.112104893 482 336
5 1732754826.112104893 158 395
6 1732754826.112104893 186 362
7 1732754826.112104893 400 308
8 1732754826.112104893 202 229
9 1732754826.112104893 412 266
10 1732754826.112104893 518 388
11 1732754826.112104893 482 114
12 1732754826.112104893 69 268
13 1732754826.112104893 206 231
14 1732754826.112104893 123 241
0 1732754826.362104893 212 316
1 1732754826.362104893 178 366
2 1732754826.362104893 187 416
3 1732754826.362104893 181 341
4 1732754826.362104893 482 336
5 1732754826.362104893 159 394
6 1732754826.362104893 186 362
7 1732754826.362104893 401 309
8 1732754826.362104893 204 229
9 1732754826.362104893 413 266
10 1732754826.362104893 518 388
11 1732754826.362104893 483 115
12 1732754826.362104893 70 268
13 1732754826.362104893 208 232
14 1732754826.362104893 125 240
0 1732754826.612104893 213 316
1 1732754826.612104893 180 366
2 1732754826.612104893 189 416
3 1732754826.612104893 183 341
4 1732754826.612104893 483 336
5 1732754826.612104893 160 393
6 1732754826.612104893 187 362
7 1732754826.612104893 403 310
8 1732754826.612104893 206 229
9 1732754826.612104893 415 266
10 1732754826.612104893 518 387
11 1732754826.612104893 484 115
12 1732754826.612104893 71 268
13 1732754826.612104893 210 233
14 1732754826.612104893 126 240
0 1732754826.862104893 214 316
1 1732754826.862104893 182 365
2 1732754826.862104893 191 417
3 1732754826.862104893 185 340
4 1732754826.862104893 484 336
5 1732754826.862104893 160 392
6 1732754826.862104893 189 362
7 1732754826.862104893 406 311
8 1732754826.862104893 207 228
9 1732754826.862104893 418 267
10 1732754826.862104893 519 387
11 1732754826.862104893 485 116
12 1732754826.862104893 72 268
13 1732754826.862104893 212 233
14 1732754826.862104893 126 240
0 1732754827.112104893 216 316
1 1732754827.112104893 184 364
2 1732754827.112104893 193 418
3 1732754827.112104893 186 340
4 1732754827.112104893 486 336
5 1732754827.112104893 161 391
6 1732754827.112104893 190 362
7 1732754827.112104893 408 311
8 1732754827.112104893 209 228
9 1732754827.112104893 420 267
10 1732754827.112104893 520 387
11 1732754827.112104893 486 115
12 1732754827.112104893 73 267
13 1732754827.112104893 214 233
14 1732754827.112104893 127 241
0 1732754827.362104893 210 314
1 1732754827.362104893 182 365
2 1732754827.362104893 189 417
3 1732754827.362104893 189 344
4 1732754827.362104893 480 334
5 1732754827.362104893 161 390
6 1732754827.362104893 185 360
7 1732754827.362104893 409 316
8 1732754827.362104893 210 233
9 1732754827.362104893 420 272
10 1732754827.362104893 524 392
11 1732754827.362104893 484 120
12 1732754827.362104893 73 271
13 1732754827.362104893 213 238
14 1732754827.362104893 128 245
0 1732754827.612104893 210 317
1 1732754827.612104893 181 365
2 1732754827.612104893 187 418
3 1732754827.612104893 187 346
4 1732754827.612104893 478 335
5 1732754827.612104893 161 395
6 1732754827.612104893 183 360
7 1732754827.612104893 408 318
8 1732754827.612104893 209 236
9 1732754827.612104893 419 274
10 1732754827.612104893 524 395
11 1732754827.612104893 483 122
12 1732754827.612104893 72 273
13 1732754827.612104893 212 240
14 1732754827.612104893 128 248
0 1732754827.862104893 209 316
1 1732754827.862104893 181 366
2 1732754827.862104893 187 417
3 1732754827.862104893 189 347
4 1732754827.862104893 478 335
5 1732754827.862104893 162 394
6 1732754827.862104893 183 361
7 1732754827.862104893 409 319
8 1732754827.862104893 210 238
9 1732754827.862104893 420 275
10 1732754827.862104893 524 395
11 1732754827.862104893 483 122
12 1732754827.862104893 72 274
13 1732754827.862104893 213 241
14 1732754827.862104893 130 249
0 1732754828.112104893 210 316
1 1732754828.112104893 180 364
2 1732754828.112104893 188 418
3 1732754828.112104893 189 347
4 1732754828.112104893 476 335
5 1732754828.112104893 161 393
6 1732754828.112104893 184 361
7 1732754828.112104893 409 319
8 1732754828.112104893 210 238
9 1732754828.112104893 420 276
10 1732754828.112104893 522 395
11 1732754828.112104893 482 124
12 1732754828.112104893 72 274
13 1732754828.112104893 212 241
14 1732754828.112104893 130 249
0 1732754828.362104893 210 317
1 1732754828.362104893 181 363
2 1732754828.362104893 190 419
3 1732754828.362104893 190 347
4 1732754828.362104893 476 335
5 1732754828.362104893 161 392
6 1732754828.362104893 185 362
7 1732754828.362104893 409 320
8 1732754828.362104893 210 238
9 1732754828.362104893 421 277
10 1732754828.362104893 522 395
11 1732754828.362104893 483 125
12 1732754828.362104893 72 274
13 1732754828.362104893 212 241
14 1732754828.362104893 131 249
0 1732754828.612104893 211 317
1 1732754828.612104893 182 362
2 1732754828.612104893 191 420
3 1732754828.612104893 191 347
4 1732754828.612104893 477 335
5 1732754828.612104893 161 392
6 1732754828.612104893 185 361
7 1732754828.612104893 409 320
8 1732754828.612104893 212 239
9 1732754828.612104893 423 278
10 1732754828.612104893 522 395
11 1732754828.612104893 484 126
12 1732754828.612104893 72 274
13 1732754828.612104893 213 242
14 1732754828.612104893 133 250
0 1732754828.862104893 213 318
1 1732754828.862104893 183 361
2 1732754828.862104893 193 421
3 1732754828.862104893 192 347
4 1732754828.862104893 478 335
5 1732754828.862104893 160 390
6 1732754828.862104893 186 361
7 1732754828.862104893 410 321
8 1732754828.862104893 214 240
9 1732754828.862104893 424 279
10 1732754828.862104893 523 396
11 1732754828.862104893 486 126
12 1732754828.862104893 73 275
13 1732754828.862104893 215 243
14 1732754828.862104893 135 251
0 1732754829.112104893 211 319
1 1732754829.112104893 183 363
2 1732754829.112104893 193 425
3 1732754829.112104893 189 347
4 1732754829.112104893 478 336
5 1732754829.112104893 163 393
6 1732754829.112104893 185 362
7 1732754829.112104893 410 323
8 1732754829.112104893 213 242
9 1732754829.112104893 424 281
10 1732754829.112104893 522 399
11 1732754829.112104893 485 127
12 1732754829.112104893 71 276
13 1732754829.112104893 215 246
14 1732754829.112104893 136 254
0 1732754829.362104893 211 320
1 1732754829.362104893 184 363
2 1732754829.362104893 195 424
3 1732754829.362104893 191 347
4 1732754829.362104893 477 335
5 1732754829.362104893 163 392
6 1732754829.362104893 187 361
7 1732754829.362104893 410 323
8 1732754829.362104893 215 241
9 1732754829.362104893 426 281
10 1732754829.362104893 521 399
11 1732754829.362104893 483 127
12 1732754829.362104893 72 278
13 1732754829.362104893 215 246
14 1732754829.362104893 137 253
0 1732754829.612104893 212 320
1 1732754829.612104893 185 362
2 1732754829.612104893 196 425
3 1732754829.612104893 192 348
4 1732754829.612104893 475 334
5 1732754829.612104893 163 391
6 1732754829.612104893 187 360
7 1732754829.612104893 409 322
8 1732754829.612104893 217 241
9 1732754829.612104893 427 282
10 1732754829.612104893 520 398
11 1732754829.612104893 482 129
12 1732754829.612104893 71 279
13 1732754829.612104893 214 245
14 1732754829.612104893 137 253
0 1732754829.862104893 213 320
1 1732754829.862104893 186 361
2 1732754829.862104893 198 425
3 1732754829.862104893 193 348
4 1732754829.862104893 474 333
5 1732754829.862104893 163 390
6 1732754829.862104893 188 360
7 1732754829.862104893 410 323
8 1732754829.862104893 218 241
9 1732754829.862104893 429 283
10 1732754829.862104893 520 399
11 1732754829.862104893 482 130
12 1732754829.862104893 72 280
13 1732754829.862104893 217 245
14 1732754829.862104893 138 253
0 1732754830.112104893 213 320
1 1732754830.112104893 188 360
2 1732754830.112104893 200 425
3 1732754830.112104893 194 349
4 1732754830.112104893 474 333
5 1732754830.112104893 163 388
6 1732754830.112104893 189 360
7 1732754830.112104893 411 323
8 1732754830.112104893 219 241
9 1732754830.112104893 432 284
10 1732754830.112104893 520 398
11 1732754830.112104893 482 131
12 1732754830.112104893 73 281
13 1732754830.112104893 217 245
14 1732754830.112104893 140 252
0 1732754830.362104893 212 321
1 1732754830.362104893 186 364
2 1732754830.362104893 202 425
3 1732754830.362104893 194 350
4 1732754830.362104893 470 334
5 1732754830.362104893 161 390
6 1732754830.362104893 188 361
7 1732754830.362104893 412 326
8 1732754830.362104893 218 244
9 1732754830.362104893 430 288
10 1732754830.362104893 521 402
11 1732754830.362104893 479 133
12 1732754830.362104893 71 286
13 1732754830.362104893 217 250
14 1732754830.362104893 139 254
0 1732754830.612104893 213 321
1 1732754830.612104893 187 363
2 1732754830.612104893 204 425
3 1732754830.612104893 194 350
4 1732754830.612104893 469 334
5 1732754830.612104893 160 390
6 1732754830.612104893 190 361
7 1732754830.612104893 413 328
8 1732754830.612104893 219 245
9 1732754830.612104893 432 288
10 1732754830.612104893 521 403
11 1732754830.612104893 480 135
12 1732754830.612104893 70 288
13 1732754830.612104893 217 250
14 1732754830.612104893 140 255
0 1732754830.862104893 214 322
1 1732754830.862104893 188 363
2 1732754830.862104893 205 425
3 1732754830.862104893 195 350
4 1732754830.862104893 467 333
5 1732754830.862104893 159 390
6 1732754830.862104893 191 361
7 1732754830.862104893 414 328
8 1732754830.862104893 220 246
9 1732754830.862104893 433 289
10 1732754830.862104893 522 403
11 1732754830.862104893 481 136
12 1732754830.862104893 70 289
13 1732754830.862104893 217 250
14 1732754830.862104893 141 255
0 1732754831.112104893 216 322
1 1732754831.112104893 189 363
2 1732754831.112104893 207 425
3 1732754831.112104893 196 350
4 1732754831.112104893 466 332
5 1732754831.112104893 159 391
6 1732754831.112104893 191 360
7 1732754831.112104893 415 329
8 1732754831.112104893 222 246
9 1732754831.112104893 434 290
10 1732754831.112104893 521 403
11 1732754831.112104893 482 138
12 1732754831.112104893 72 289
13 1732754831.112104893 219 250
14 1732754831.112104893 142 256
0 1732754831.362104893 212 324
1 1732754831.362104893 193 369
2 1732754831.362104893 209 429
3 1732754831.362104893 195 352
4 1732754831.362104893 463 334
5 1732754831.362104893 157 392
6 1732754831.362104893 190 362
7 1732754831.362104893 417 334
8 1732754831.362104893 223 251
9 1732754831.362104893 436 294
10 1732754831.362104893 524 409
11 1732754831.362104893 481 144
12 1732754831.362104893 70 293
13 1732754831.362104893 219 255
14 1732754831.362104893 141 258
0 1732754831.612104893 211 325
1 1732754831.612104893 195 368
2 1732754831.612104893 210 429
3 1732754831.612104893 196 352
4 1732754831.612104893 464 334
5 1732754831.612104893 155 391
6 1732754831.612104893 191 362
7 1732754831.612104893 419 333
8 1732754831.612104893 224 251
9 1732754831.612104893 437 296
10 1732754831.612104893 524 410
11 1732754831.612104893 479 144
12 1732754831.612104893 70 296
13 1732754831.612104893 219 255
14 1732754831.612104893 142 259
0 1732754831.862104893 212 326
1 1732754831.862104893 195 368
2 1732754831.862104893 211 429
3 1732754831.862104893 197 353
4 1732754831.862104893 465 334
5 1732754831.862104893 153 391
6 1732754831.862104893 191 362
7 1732754831.862104893 421 333
8 1732754831.862104893 224 252
9 1732754831.862104893 438 297
10 1732754831.862104893 524 411
11 1732754831.862104893 478 144
12 1732754831.862104893 71 297
13 1732754831.862104893 218 255
14 1732754831.862104893 144 259
