0 1732754804.362104893 146 277
1 1732754804.362104893 119 325
2 1732754804.362104893 109 342
3 1732754804.362104893 134 293
4 1732754804.362104893 416 282
5 1732754804.362104893 97 364
6 1732754804.362104893 126 311
7 1732754804.362104893 312 251
8 1732754804.362104893 107 131
9 1732754804.362104893 344 251
10 1732754804.362104893 419 301
11 1732754804.362104893 382 29
12 1732754804.362104893 16 218
13 1732754804.362104893 102 154
14 1732754804.362104893 52 187
0 1732754804.612104893 145 276
1 1732754804.612104893 118 324
2 1732754804.612104893 108 341
3 1732754804.612104893 133 292
4 1732754804.612104893 416 281
5 1732754804.612104893 96 363
6 1732754804.612104893 125 310
7 1732754804.612104893 311 250
8 1732754804.612104893 106 130
9 1732754804.612104893 343 250
10 1732754804.612104893 418 300
11 1732754804.612104893 381 28
12 1732754804.612104893 15 217
13 1732754804.612104893 101 153
14 1732754804.612104893 52 186
0 1732754804.862104893 147 276
1 1732754804.862104893 119 324
2 1732754804.862104893 109 341
3 1732754804.862104893 135 292
4 1732754804.862104893 418 281
5 1732754804.862104893 97 363
6 1732754804.862104893 126 309
7 1732754804.862104893 312 249
8 1732754804.862104893 107 131
9 1732754804.862104893 344 250
10 1732754804.862104893 420 300
11 1732754804.862104893 383 29
12 1732754804.862104893 17 217
13 1732754804.862104893 102 152
14 1732754804.862104893 53 186
0 1732754805.112104893 147 275
1 1732754805.112104893 119 323
2 1732754805.112104893 109 340
3 1732754805.112104893 136 291
4 1732754805.112104893 421 282
5 1732754805.112104893 97 363
6 1732754805.112104893 126 308
7 1732754805.112104893 313 247
8 1732754805.112104893 108 132
9 1732754805.112104893 343 249
10 1732754805.112104893 421 300
11 1732754805.112104893 386 28
12 1732754805.112104893 19 216
13 1732754805.112104893 103 151
14 1732754805.112104893 54 185
0 1732754805.362104893 145 279
1 1732754805.362104893 117 325
2 1732754805.362104893 107 343
3 1732754805.362104893 134 295
4 1732754805.362104893 420 285
5 1732754805.362104893 94 366
6 1732754805.362104893 123 312
7 1732754805.362104893 311 249
8 1732754805.362104893 105 133
9 1732754805.362104893 342 251
10 1732754805.362104893 421 303
11 1732754805.362104893 385 32
12 1732754805.362104893 18 219
13 1732754805.362104893 100 156
14 1732754805.362104893 49 188
0 1732754805.612104893 145 285
1 1732754805.612104893 120 332
2 1732754805.612104893 108 349
3 1732754805.612104893 135 302
4 1732754805.612104893 419 286
5 1732754805.612104893 93 373
6 1732754805.612104893 124 319
7 1732754805.612104893 313 249
8 1732754805.612104893 106 134
9 1732754805.612104893 341 250
10 1732754805.612104893 420 302
11 1732754805.612104893 385 33
12 1732754805.612104893 18 221
13 1732754805.612104893 99 155
14 1732754805.612104893 47 187
0 1732754805.862104893 147 289
1 1732754805.862104893 122 334
2 1732754805.862104893 111 352
3 1732754805.862104893 137 303
4 1732754805.862104893 421 285
5 1732754805.862104893 95 377
6 1732754805.862104893 125 320
7 1732754805.862104893 313 248
8 1732754805.862104893 109 134
9 1732754805.862104893 340 249
10 1732754805.862104893 420 302
11 1732754805.862104893 384 32
12 1732754805.862104893 18 222
13 1732754805.862104893 99 155
14 1732754805.862104893 47 187
0 1732754806.112104893 150 293
1 1732754806.112104893 123 335
2 1732754806.112104893 113 353
3 1732754806.112104893 140 305
4 1732754806.112104893 423 286
5 1732754806.112104893 96 381
6 1732754806.112104893 127 322
7 1732754806.112104893 314 247
8 1732754806.112104893 108 134
9 1732754806.112104893 340 249
10 1732754806.112104893 420 301
11 1732754806.112104893 385 32
12 1732754806.112104893 18 223
13 1732754806.112104893 100 155
14 1732754806.112104893 47 187
0 1732754806.362104893 150 293
1 1732754806.362104893 123 336
2 1732754806.362104893 113 354
3 1732754806.362104893 138 304
4 1732754806.362104893 424 287
5 1732754806.362104893 98 384
6 1732754806.362104893 126 322
7 1732754806.362104893 315 247
8 1732754806.362104893 110 135
9 1732754806.362104893 340 248
10 1732754806.362104893 419 301
11 1732754806.362104893 385 32
12 1732754806.362104893 18 223
13 1732754806.362104893 101 154
14 1732754806.362104893 49 187
0 1732754806.612104893 151 295
1 1732754806.612104893 122 336
2 1732754806.612104893 115 354
3 1732754806.612104893 139 305
4 1732754806.612104893 425 287
5 1732754806.612104893 94 385
6 1732754806.612104893 127 323
7 1732754806.612104893 314 247
8 1732754806.612104893 108 136
9 1732754806.612104893 340 248
10 1732754806.612104893 420 301
11 1732754806.612104893 385 33
12 1732754806.612104893 18 223
13 1732754806.612104893 100 154
14 1732754806.612104893 48 187
0 1732754806.862104893 151 296
1 1732754806.862104893 122 336
2 1732754806.862104893 116 355
3 1732754806.862104893 138 305
4 1732754806.862104893 426 288
5 1732754806.862104893 93 390
6 1732754806.862104893 128 324
7 1732754806.862104893 314 247
8 1732754806.862104893 110 135
9 1732754806.862104893 340 247
10 1732754806.862104893 420 301
11 1732754806.862104893 384 33
12 1732754806.862104893 18 223
13 1732754806.862104893 101 154
14 1732754806.862104893 50 187
0 1732754807.112104893 151 298
1 1732754807.112104893 123 336
2 1732754807.112104893 116 355
3 1732754807.112104893 139 305
4 1732754807.112104893 426 289
5 1732754807.112104893 92 391
6 1732754807.112104893 128 323
7 1732754807.112104893 314 247
8 1732754807.112104893 110 136
9 1732754807.112104893 340 247
10 1732754807.112104893 421 302
11 1732754807.112104893 384 33
12 1732754807.112104893 17 224
13 1732754807.112104893 101 154
14 1732754807.112104893 51 187
0 1732754807.362104893 152 299
1 1732754807.362104893 121 337
2 1732754807.362104893 116 356
3 1732754807.362104893 138 305
4 1732754807.362104893 426 290
5 1732754807.362104893 92 392
6 1732754807.362104893 129 325
7 1732754807.362104893 312 248
8 1732754807.362104893 111 136
9 1732754807.362104893 340 247
10 1732754807.362104893 420 301
11 1732754807.362104893 384 32
12 1732754807.362104893 17 225
13 1732754807.362104893 101 153
14 1732754807.362104893 51 187
0 1732754807.612104893 152 300
1 1732754807.612104893 121 337
2 1732754807.612104893 117 356
3 1732754807.612104893 139 306
4 1732754807.612104893 426 291
5 1732754807.612104893 90 391
6 1732754807.612104893 127 324
7 1732754807.612104893 313 248
8 1732754807.612104893 110 136
9 1732754807.612104893 339 247
10 1732754807.612104893 420 302
11 1732754807.612104893 384 33
12 1732754807.612104893 16 224
13 1732754807.612104893 104 152
14 1732754807.612104893 50 186
0 1732754807.862104893 153 302
1 1732754807.862104893 119 338
2 1732754807.862104893 118 357
3 1732754807.862104893 140 308
4 1732754807.862104893 427 291
5 1732754807.862104893 91 392
6 1732754807.862104893 126 326
7 1732754807.862104893 312 250
8 1732754807.862104893 111 136
9 1732754807.862104893 340 247
10 1732754807.862104893 420 302
11 1732754807.862104893 385 33
12 1732754807.862104893 16 224
13 1732754807.862104893 101 153
14 1732754807.862104893 51 186
0 1732754808.112104893 153 303
1 1732754808.112104893 119 339
2 1732754808.112104893 119 359
3 1732754808.112104893 139 309
4 1732754808.112104893 427 292
5 1732754808.112104893 91 392
6 1732754808.112104893 127 327
7 1732754808.112104893 312 250
8 1732754808.112104893 109 137
9 1732754808.112104893 340 247
10 1732754808.112104893 420 302
11 1732754808.112104893 384 32
12 1732754808.112104893 15 225
13 1732754808.112104893 100 154
14 1732754808.112104893 51 188
0 1732754808.362104893 152 304
1 1732754808.362104893 119 339
2 1732754808.362104893 118 360
3 1732754808.362104893 140 310
4 1732754808.362104893 428 292
5 1732754808.362104893 92 393
6 1732754808.362104893 127 327
7 1732754808.362104893 313 251
8 1732754808.362104893 110 136
9 1732754808.362104893 339 246
10 1732754808.362104893 420 302
11 1732754808.362104893 384 33
12 1732754808.362104893 14 226
13 1732754808.362104893 100 153
14 1732754808.362104893 51 187
0 1732754808.612104893 152 305
1 1732754808.612104893 118 340
2 1732754808.612104893 119 361
3 1732754808.612104893 138 310
4 1732754808.612104893 428 294
5 1732754808.612104893 90 392
6 1732754808.612104893 126 327
7 1732754808.612104893 311 250
8 1732754808.612104893 110 137
9 1732754808.612104893 339 245
10 1732754808.612104893 419 302
11 1732754808.612104893 384 33
12 1732754808.612104893 14 225
13 1732754808.612104893 101 153
14 1732754808.612104893 51 186
0 1732754808.862104893 153 306
1 1732754808.862104893 118 340
2 1732754808.862104893 119 361
3 1732754808.862104893 139 310
4 1732754808.862104893 429 294
5 1732754808.862104893 91 392
6 1732754808.862104893 124 327
7 1732754808.862104893 311 251
8 1732754808.862104893 109 134
9 1732754808.862104893 339 244
10 1732754808.862104893 419 302
11 1732754808.862104893 384 32
12 1732754808.862104893 13 226
13 1732754808.862104893 100 153
14 1732754808.862104893 51 186
0 1732754809.112104893 153 307
1 1732754809.112104893 119 342
2 1732754809.112104893 119 361
3 1732754809.112104893 139 310
4 1732754809.112104893 429 294
5 1732754809.112104893 91 392
6 1732754809.112104893 125 329
7 1732754809.112104893 310 251
8 1732754809.112104893 109 136
9 1732754809.112104893 339 244
10 1732754809.112104893 419 301
11 1732754809.112104893 383 32
12 1732754809.112104893 13 227
13 1732754809.112104893 102 155
14 1732754809.112104893 52 186
0 1732754809.362104893 153 307
1 1732754809.362104893 120 342
2 1732754809.362104893 120 361
3 1732754809.362104893 139 311
4 1732754809.362104893 430 294
5 1732754809.362104893 92 392
6 1732754809.362104893 124 328
7 1732754809.362104893 309 250
8 1732754809.362104893 111 136
9 1732754809.362104893 339 244
10 1732754809.362104893 419 302
11 1732754809.362104893 383 32
12 1732754809.362104893 13 228
13 1732754809.362104893 100 153
14 1732754809.362104893 50 186
0 1732754809.612104893 153 308
1 1732754809.612104893 120 341
2 1732754809.612104893 120 361
3 1732754809.612104893 138 311
4 1732754809.612104893 430 296
5 1732754809.612104893 92 392
6 1732754809.612104893 123 328
7 1732754809.612104893 309 251
8 1732754809.612104893 109 137
9 1732754809.612104893 339 244
10 1732754809.612104893 420 302
11 1732754809.612104893 383 32
12 1732754809.612104893 12 228
13 1732754809.612104893 101 152
14 1732754809.612104893 51 186
0 1732754809.862104893 153 309
1 1732754809.862104893 120 341
2 1732754809.862104893 119 361
3 1732754809.862104893 139 312
4 1732754809.862104893 431 296
5 1732754809.862104893 92 393
6 1732754809.862104893 124 328
7 1732754809.862104893 309 250
8 1732754809.862104893 110 134
9 1732754809.862104893 337 243
10 1732754809.862104893 420 302
11 1732754809.862104893 383 31
12 1732754809.862104893 12 229
13 1732754809.862104893 101 153
14 1732754809.862104893 49 186
0 1732754810.112104893 153 310
1 1732754810.112104893 119 342
2 1732754810.112104893 119 361
3 1732754810.112104893 139 313
4 1732754810.112104893 431 297
5 1732754810.112104893 92 395
6 1732754810.112104893 124 328
7 1732754810.112104893 309 250
8 1732754810.112104893 110 137
9 1732754810.112104893 337 243
10 1732754810.112104893 420 302
11 1732754810.112104893 383 32
12 1732754810.112104893 11 229
13 1732754810.112104893 101 154
14 1732754810.112104893 51 186
0 1732754810.362104893 153 310
1 1732754810.362104893 120 343
2 1732754810.362104893 120 361
3 1732754810.362104893 138 313
4 1732754810.362104893 432 297
5 1732754810.362104893 93 394
6 1732754810.362104893 125 329
7 1732754810.362104893 309 250
8 1732754810.362104893 110 134
9 1732754810.362104893 336 243
10 1732754810.362104893 420 301
11 1732754810.362104893 383 32
12 1732754810.362104893 11 230
13 1732754810.362104893 101 153
14 1732754810.362104893 50 186
0 1732754810.612104893 153 311
1 1732754810.612104893 118 343
2 1732754810.612104893 118 361
3 1732754810.612104893 139 314
4 1732754810.612104893 432 297
5 1732754810.612104893 94 396
6 1732754810.612104893 123 330
7 1732754810.612104893 308 250
8 1732754810.612104893 109 135
9 1732754810.612104893 336 243
10 1732754810.612104893 420 302
11 1732754810.612104893 382 32
12 1732754810.612104893 10 230
13 1732754810.612104893 102 152
14 1732754810.612104893 50 186
0 1732754810.862104893 154 312
1 1732754810.862104893 118 342
2 1732754810.862104893 119 360
3 1732754810.862104893 138 315
4 1732754810.862104893 431 297
5 1732754810.862104893 94 397
6 1732754810.862104893 125 330
7 1732754810.862104893 309 250
8 1732754810.862104893 110 136
9 1732754810.862104893 335 242
10 1732754810.862104893 420 302
11 1732754810.862104893 382 31
12 1732754810.862104893 10 231
13 1732754810.862104893 101 153
14 1732754810.862104893 51 187
0 1732754811.112104893 154 313
1 1732754811.112104893 119 342
2 1732754811.112104893 120 360
3 1732754811.112104893 139 315
4 1732754811.112104893 430 298
5 1732754811.112104893 93 397
6 1732754811.112104893 124 330
7 1732754811.112104893 309 250
8 1732754811.112104893 109 137
9 1732754811.112104893 335 242
10 1732754811.112104893 419 301
11 1732754811.112104893 382 32
12 1732754811.112104893 10 232
13 1732754811.112104893 101 154
14 1732754811.112104893 51 185
0 1732754811.362104893 153 314
1 1732754811.362104893 121 343
2 1732754811.362104893 120 360
3 1732754811.362104893 139 315
4 1732754811.362104893 430 297
5 1732754811.362104893 93 398
6 1732754811.362104893 124 329
7 1732754811.362104893 309 250
8 1732754811.362104893 110 136
9 1732754811.362104893 335 242
10 1732754811.362104893 418 300
11 1732754811.362104893 382 32
12 1732754811.362104893 10 232
13 1732754811.362104893 101 154
14 1732754811.362104893 51 187
0 1732754811.612104893 154 313
1 1732754811.612104893 122 342
2 1732754811.612104893 121 362
3 1732754811.612104893 140 316
4 1732754811.612104893 431 297
5 1732754811.612104893 93 398
6 1732754811.612104893 123 328
7 1732754811.612104893 309 250
8 1732754811.612104893 110 136
9 1732754811.612104893 335 241
10 1732754811.612104893 419 301
11 1732754811.612104893 382 32
12 1732754811.612104893 10 233
13 1732754811.612104893 103 153
14 1732754811.612104893 52 186
0 1732754811.862104893 153 314
1 1732754811.862104893 122 341
2 1732754811.862104893 120 361
3 1732754811.862104893 139 316
4 1732754811.862104893 431 298
5 1732754811.862104893 93 399
6 1732754811.862104893 122 330
7 1732754811.862104893 308 250
8 1732754811.862104893 111 136
9 1732754811.862104893 335 241
10 1732754811.862104893 418 301
11 1732754811.862104893 382 32
12 1732754811.862104893 9 233
13 1732754811.862104893 100 153
14 1732754811.862104893 50 186
0 1732754812.112104893 154 315
1 1732754812.112104893 122 341
2 1732754812.112104893 120 361
3 1732754812.112104893 140 317
4 1732754812.112104893 431 298
5 1732754812.112104893 92 398
6 1732754812.112104893 123 330
7 1732754812.112104893 306 250
8 1732754812.112104893 111 137
9 1732754812.112104893 335 242
10 1732754812.112104893 419 301
11 1732754812.112104893 381 32
12 1732754812.112104893 9 234
13 1732754812.112104893 101 154
14 1732754812.112104893 51 185
0 1732754812.362104893 154 320
1 1732754812.362104893 122 345
2 1732754812.362104893 120 364
3 1732754812.362104893 139 320
4 1732754812.362104893 431 301
5 1732754812.362104893 92 401
6 1732754812.362104893 123 332
7 1732754812.362104893 306 252
8 1732754812.362104893 112 140
9 1732754812.362104893 333 244
10 1732754812.362104893 421 305
11 1732754812.362104893 381 34
12 1732754812.362104893 8 236
13 1732754812.362104893 101 158
14 1732754812.362104893 49 190
0 1732754812.612104893 154 320
1 1732754812.612104893 123 346
2 1732754812.612104893 121 366
3 1732754812.612104893 140 322
4 1732754812.612104893 432 302
5 1732754812.612104893 93 403
6 1732754812.612104893 123 333
7 1732754812.612104893 306 252
8 1732754812.612104893 112 142
9 1732754812.612104893 334 244
10 1732754812.612104893 422 306
11 1732754812.612104893 381 33
12 1732754812.612104893 9 238
13 1732754812.612104893 100 158
14 1732754812.612104893 48 191
0 1732754812.862104893 155 321
1 1732754812.862104893 124 347
2 1732754812.862104893 122 367
3 1732754812.862104893 141 324
4 1732754812.862104893 433 302
5 1732754812.862104893 94 404
6 1732754812.862104893 124 334
7 1732754812.862104893 307 253
8 1732754812.862104893 114 144
9 1732754812.862104893 335 244
10 1732754812.862104893 422 306
11 1732754812.862104893 381 34
12 1732754812.862104893 9 239
13 1732754812.862104893 101 156
14 1732754812.862104893 47 191
0 1732754813.112104893 156 323
1 1732754813.112104893 125 347
2 1732754813.112104893 123 367
3 1732754813.112104893 142 324
4 1732754813.112104893 434 303
5 1732754813.112104893 94 404
6 1732754813.112104893 125 334
7 1732754813.112104893 307 252
8 1732754813.112104893 115 146
9 1732754813.112104893 335 244
10 1732754813.112104893 423 307
11 1732754813.112104893 381 34
12 1732754813.112104893 9 240
13 1732754813.112104893 101 155
14 1732754813.112104893 47 192
0 1732754813.362104893 156 324
1 1732754813.362104893 125 348
2 1732754813.362104893 123 368
3 1732754813.362104893 142 326
4 1732754813.362104893 435 304
5 1732754813.362104893 94 405
6 1732754813.362104893 125 334
7 1732754813.362104893 308 252
8 1732754813.362104893 116 148
9 1732754813.362104893 335 244
10 1732754813.362104893 424 307
11 1732754813.362104893 381 34
12 1732754813.362104893 9 240
13 1732754813.362104893 101 155
14 1732754813.362104893 48 191
0 1732754813.612104893 157 325
1 1732754813.612104893 125 349
2 1732754813.612104893 123 368
3 1732754813.612104893 142 327
4 1732754813.612104893 435 305
5 1732754813.612104893 94 406
6 1732754813.612104893 125 335
7 1732754813.612104893 308 252
8 1732754813.612104893 118 150
9 1732754813.612104893 335 244
10 1732754813.612104893 425 308
11 1732754813.612104893 381 35
12 1732754813.612104893 8 241
13 1732754813.612104893 104 157
14 1732754813.612104893 49 191
0 1732754813.862104893 156 326
1 1732754813.862104893 125 350
2 1732754813.862104893 122 369
3 1732754813.862104893 141 327
4 1732754813.862104893 436 306
5 1732754813.862104893 94 406
6 1732754813.862104893 125 336
7 1732754813.862104893 308 252
8 1732754813.862104893 118 151
9 1732754813.862104893 335 244
10 1732754813.862104893 425 308
11 1732754813.862104893 381 35
12 1732754813.862104893 8 241
13 1732754813.862104893 105 157
14 1732754813.862104893 49 191
0 1732754814.112104893 156 329
1 1732754814.112104893 125 351
2 1732754814.112104893 122 369
3 1732754814.112104893 141 328
4 1732754814.112104893 437 308
5 1732754814.112104893 93 407
6 1732754814.112104893 125 337
7 1732754814.112104893 308 253
8 1732754814.112104893 119 152
9 1732754814.112104893 335 244
10 1732754814.112104893 426 309
11 1732754814.112104893 381 35
12 1732754814.112104893 8 242
13 1732754814.112104893 105 157
14 1732754814.112104893 49 191
0 1732754814.362104893 156 329
1 1732754814.362104893 125 352
2 1732754814.362104893 122 370
3 1732754814.362104893 141 329
4 1732754814.362104893 437 309
5 1732754814.362104893 93 408
6 1732754814.362104893 124 338
7 1732754814.362104893 308 253
8 1732754814.362104893 120 153
9 1732754814.362104893 335 244
10 1732754814.362104893 426 310
11 1732754814.362104893 381 35
12 1732754814.362104893 7 243
13 1732754814.362104893 105 157
14 1732754814.362104893 49 191
0 1732754814.612104893 156 331
1 1732754814.612104893 125 353
2 1732754814.612104893 121 371
3 1732754814.612104893 141 330
4 1732754814.612104893 438 310
5 1732754814.612104893 93 409
6 1732754814.612104893 124 339
7 1732754814.612104893 308 254
8 1732754814.612104893 121 154
9 1732754814.612104893 334 245
10 1732754814.612104893 427 311
11 1732754814.612104893 380 35
12 1732754814.612104893 7 244
13 1732754814.612104893 106 158
14 1732754814.612104893 49 191
0 1732754814.862104893 155 332
1 1732754814.862104893 125 354
2 1732754814.862104893 121 372
3 1732754814.862104893 141 333
4 1732754814.862104893 438 311
5 1732754814.862104893 92 409
6 1732754814.862104893 123 340
7 1732754814.862104893 308 254
8 1732754814.862104893 121 155
9 1732754814.862104893 335 245
10 1732754814.862104893 427 312
11 1732754814.862104893 380 37
12 1732754814.862104893 7 244
13 1732754814.862104893 106 157
14 1732754814.862104893 49 191
0 1732754815.112104893 155 333
1 1732754815.112104893 125 355
2 1732754815.112104893 121 372
3 1732754815.112104893 141 335
4 1732754815.112104893 439 313
5 1732754815.112104893 92 410
6 1732754815.112104893 122 340
7 1732754815.112104893 307 255
8 1732754815.112104893 121 156
9 1732754815.112104893 334 245
10 1732754815.112104893 428 313
11 1732754815.112104893 381 36
12 1732754815.112104893 6 245
13 1732754815.112104893 106 158
14 1732754815.112104893 49 191
0 1732754815.362104893 156 333
1 1732754815.362104893 125 356
2 1732754815.362104893 121 373
3 1732754815.362104893 142 336
4 1732754815.362104893 439 314
5 1732754815.362104893 92 410
6 1732754815.362104893 122 341
7 1732754815.362104893 307 255
8 1732754815.362104893 122 157
9 1732754815.362104893 334 244
10 1732754815.362104893 428 314
11 1732754815.362104893 380 34
12 1732754815.362104893 6 246
13 1732754815.362104893 106 159
14 1732754815.362104893 49 191
0 1732754815.612104893 155 337
1 1732754815.612104893 124 359
2 1732754815.612104893 121 378
3 1732754815.612104893 141 340
4 1732754815.612104893 438 317
5 1732754815.612104893 91 412
6 1732754815.612104893 121 344
7 1732754815.612104893 306 257
8 1732754815.612104893 121 161
9 1732754815.612104893 331 246
10 1732754815.612104893 427 317
11 1732754815.612104893 379 37
12 1732754815.612104893 5 249
13 1732754815.612104893 106 162
14 1732754815.612104893 48 193
0 1732754815.862104893 155 337
1 1732754815.862104893 124 359
2 1732754815.862104893 122 379
3 1732754815.862104893 141 340
4 1732754815.862104893 439 318
5 1732754815.862104893 91 413
6 1732754815.862104893 121 344
7 1732754815.862104893 306 258
8 1732754815.862104893 120 162
9 1732754815.862104893 332 248
10 1732754815.862104893 428 318
11 1732754815.862104893 379 37
12 1732754815.862104893 6 250
13 1732754815.862104893 106 163
14 1732754815.862104893 48 194
0 1732754816.112104893 153 338
1 1732754816.112104893 124 359
2 1732754816.112104893 122 379
3 1732754816.112104893 140 341
4 1732754816.112104893 439 319
5 1732754816.112104893 90 414
6 1732754816.112104893 120 343
7 1732754816.112104893 306 258
8 1732754816.112104893 119 163
9 1732754816.112104893 333 248
10 1732754816.112104893 428 319
11 1732754816.112104893 378 37
12 1732754816.112104893 5 250
13 1732754816.112104893 105 163
14 1732754816.112104893 47 194
0 1732754816.362104893 153 338
1 1732754816.362104893 124 359
2 1732754816.362104893 123 379
3 1732754816.362104893 140 341
4 1732754816.362104893 439 320
5 1732754816.362104893 90 414
6 1732754816.362104893 120 343
7 1732754816.362104893 306 259
8 1732754816.362104893 118 164
9 1732754816.362104893 335 248
10 1732754816.362104893 429 320
11 1732754816.362104893 378 37
12 1732754816.362104893 5 251
13 1732754816.362104893 105 162
14 1732754816.362104893 47 195
0 1732754816.612104893 154 339
1 1732754816.612104893 125 359
2 1732754816.612104893 123 379
3 1732754816.612104893 140 341
4 1732754816.612104893 439 322
5 1732754816.612104893 91 414
6 1732754816.612104893 120 343
7 1732754816.612104893 307 259
8 1732754816.612104893 118 166
9 1732754816.612104893 336 248
10 1732754816.612104893 430 321
11 1732754816.612104893 377 37
12 1732754816.612104893 5 252
13 1732754816.612104893 105 161
14 1732754816.612104893 46 196
0 1732754816.862104893 155 339
1 1732754816.862104893 125 359
2 1732754816.862104893 124 379
3 1732754816.862104893 140 342
4 1732754816.862104893 441 324
5 1732754816.862104893 92 414
6 1732754816.862104893 120 342
7 1732754816.862104893 307 259
8 1732754816.862104893 118 166
9 1732754816.862104893 337 247
10 1732754816.862104893 430 322
11 1732754816.862104893 377 37
12 1732754816.862104893 5 253
13 1732754816.862104893 105 162
14 1732754816.862104893 47 196
0 1732754817.112104893 155 339
1 1732754817.112104893 126 359
2 1732754817.112104893 124 379
3 1732754817.112104893 139 342
4 1732754817.112104893 441 325
5 1732754817.112104893 93 414
6 1732754817.112104893 120 342
7 1732754817.112104893 307 259
8 1732754817.112104893 118 167
9 1732754817.112104893 338 247
10 1732754817.112104893 431 322
11 1732754817.112104893 377 37
12 1732754817.112104893 5 254
13 1732754817.112104893 103 162
14 1732754817.112104893 47 198
0 1732754817.362104893 155 340
1 1732754817.362104893 126 359
2 1732754817.362104893 124 380
3 1732754817.362104893 139 343
4 1732754817.362104893 442 325
5 1732754817.362104893 93 414
6 1732754817.362104893 120 341
7 1732754817.362104893 307 260
8 1732754817.362104893 118 168
9 1732754817.362104893 339 246
10 1732754817.362104893 431 323
11 1732754817.362104893 376 38
12 1732754817.362104893 5 255
13 1732754817.362104893 104 161
14 1732754817.362104893 48 198
0 1732754817.612104893 155 340
1 1732754817.612104893 126 359
2 1732754817.612104893 123 380
3 1732754817.612104893 139 344
4 1732754817.612104893 442 326
5 1732754817.612104893 93 414
6 1732754817.612104893 120 341
7 1732754817.612104893 307 260
8 1732754817.612104893 118 170
9 1732754817.612104893 339 246
10 1732754817.612104893 431 323
11 1732754817.612104893 376 37
12 1732754817.612104893 5 256
13 1732754817.612104893 104 161
14 1732754817.612104893 47 199
0 1732754817.862104893 155 340
1 1732754817.862104893 126 359
2 1732754817.862104893 123 380
3 1732754817.862104893 139 344
4 1732754817.862104893 443 327
5 1732754817.862104893 94 415
6 1732754817.862104893 119 340
7 1732754817.862104893 307 260
8 1732754817.862104893 118 171
9 1732754817.862104893 340 245
10 1732754817.862104893 431 324
11 1732754817.862104893 377 36
12 1732754817.862104893 5 257
13 1732754817.862104893 103 160
14 1732754817.862104893 48 199
0 1732754818.112104893 154 341
1 1732754818.112104893 125 359
2 1732754818.112104893 123 381
3 1732754818.112104893 138 345
4 1732754818.112104893 444 328
5 1732754818.112104893 94 415
6 1732754818.112104893 118 340
7 1732754818.112104893 307 260
8 1732754818.112104893 118 171
9 1732754818.112104893 340 244
10 1732754818.112104893 431 324
11 1732754818.112104893 375 37
12 1732754818.112104893 4 257
13 1732754818.112104893 103 161
14 1732754818.112104893 48 199
0 1732754818.362104893 153 341
1 1732754818.362104893 125 360
2 1732754818.362104893 122 381
3 1732754818.362104893 138 345
4 1732754818.362104893 445 328
5 1732754818.362104893 95 415
6 1732754818.362104893 118 340
7 1732754818.362104893 306 260
8 1732754818.362104893 118 172
9 1732754818.362104893 340 244
10 1732754818.362104893 432 325
11 1732754818.362104893 376 37
12 1732754818.362104893 4 258
13 1732754818.362104893 103 160
14 1732754818.362104893 48 199
0 1732754818.612104893 153 342
1 1732754818.612104893 124 360
2 1732754818.612104893 122 382
3 1732754818.612104893 137 346
4 1732754818.612104893 445 329
5 1732754818.612104893 94 415
6 1732754818.612104893 117 339
7 1732754818.612104893 306 261
8 1732754818.612104893 118 173
9 1732754818.612104893 339 243
10 1732754818.612104893 432 326
11 1732754818.612104893 378 37
12 1732754818.612104893 4 259
13 1732754818.612104893 102 161
14 1732754818.612104893 47 199
0 1732754818.862104893 152 342
1 1732754818.862104893 123 360
2 1732754818.862104893 121 382
3 1732754818.862104893 137 347
4 1732754818.862104893 445 329
5 1732754818.862104893 94 415
6 1732754818.862104893 116 339
7 1732754818.862104893 305 261
8 1732754818.862104893 118 174
9 1732754818.862104893 339 243
10 1732754818.862104893 431 326
11 1732754818.862104893 377 37
12 1732754818.862104893 4 260
13 1732754818.862104893 102 161
14 1732754818.862104893 47 199
0 1732754819.112104893 151 342
1 1732754819.112104893 123 360
2 1732754819.112104893 121 382
3 1732754819.112104893 136 347
4 1732754819.112104893 446 330
5 1732754819.112104893 94 415
6 1732754819.112104893 115 339
7 1732754819.112104893 305 261
8 1732754819.112104893 118 175
9 1732754819.112104893 339 242
10 1732754819.112104893 431 327
11 1732754819.112104893 378 36
12 1732754819.112104893 4 261
13 1732754819.112104893 102 161
14 1732754819.112104893 48 198
0 1732754819.362104893 150 343
1 1732754819.362104893 122 360
2 1732754819.362104893 120 383
3 1732754819.362104893 136 348
4 1732754819.362104893 446 331
5 1732754819.362104893 93 415
6 1732754819.362104893 114 338
7 1732754819.362104893 305 261
8 1732754819.362104893 118 176
9 1732754819.362104893 338 241
10 1732754819.362104893 431 327
11 1732754819.362104893 377 36
12 1732754819.362104893 3 261
13 1732754819.362104893 101 161
14 1732754819.362104893 48 199
0 1732754819.612104893 151 346
1 1732754819.612104893 121 362
2 1732754819.612104893 116 381
3 1732754819.612104893 136 351
4 1732754819.612104893 446 335
5 1732754819.612104893 92 419
6 1732754819.612104893 113 340
7 1732754819.612104893 304 264
8 1732754819.612104893 117 180
9 1732754819.612104893 338 245
10 1732754819.612104893 430 331
11 1732754819.612104893 376 39
12 1732754819.612104893 1 263
13 1732754819.612104893 101 165
14 1732754819.612104893 47 201
0 1732754819.862104893 151 346
1 1732754819.862104893 121 362
2 1732754819.862104893 115 382
3 1732754819.862104893 136 351
4 1732754819.862104893 446 337
5 1732754819.862104893 92 419
6 1732754819.862104893 111 341
7 1732754819.862104893 303 264
8 1732754819.862104893 117 180
9 1732754819.862104893 338 245
10 1732754819.862104893 430 330
11 1732754819.862104893 376 37
12 1732754819.862104893 2 264
13 1732754819.862104893 101 165
14 1732754819.862104893 47 201
0 1732754820.112104893 147 350
1 1732754820.112104893 118 362
2 1732754820.112104893 111 382
3 1732754820.112104893 134 354
4 1732754820.112104893 446 340
5 1732754820.112104893 90 422
6 1732754820.112104893 111 343
7 1732754820.112104893 303 266
8 1732754820.112104893 118 183
9 1732754820.112104893 336 247
10 1732754820.112104893 430 331
11 1732754820.112104893 377 41
12 1732754820.112104893 0 265
13 1732754820.112104893 100 167
14 1732754820.112104893 46 203
0 1732754820.362104893 147 351
1 1732754820.362104893 117 363
2 1732754820.362104893 110 382
3 1732754820.362104893 135 354
4 1732754820.362104893 446 342
5 1732754820.362104893 89 424
6 1732754820.362104893 111 343
7 1732754820.362104893 302 266
8 1732754820.362104893 117 183
9 1732754820.362104893 336 248
10 1732754820.362104893 430 332
11 1732754820.362104893 376 41
12 1732754820.362104893 1 267
13 1732754820.362104893 102 167
14 1732754820.362104893 46 204
0 1732754820.612104893 146 352
1 1732754820.612104893 116 363
2 1732754820.612104893 109 382
3 1732754820.612104893 135 355
4 1732754820.612104893 447 343
5 1732754820.612104893 89 425
6 1732754820.612104893 110 343
7 1732754820.612104893 303 267
8 1732754820.612104893 117 184
9 1732754820.612104893 336 249
10 1732754820.612104893 431 332
11 1732754820.612104893 377 41
12 1732754820.612104893 3 268
13 1732754820.612104893 103 167
14 1732754820.612104893 46 204
0 1732754820.862104893 145 353
1 1732754820.862104893 114 361
2 1732754820.862104893 107 382
3 1732754820.862104893 135 357
4 1732754820.862104893 446 345
5 1732754820.862104893 87 425
6 1732754820.862104893 109 344
7 1732754820.862104893 301 269
8 1732754820.862104893 116 187
9 1732754820.862104893 336 251
10 1732754820.862104893 430 335
11 1732754820.862104893 376 43
12 1732754820.862104893 3 270
13 1732754820.862104893 102 169
14 1732754820.862104893 45 206
0 1732754821.112104893 145 354
1 1732754821.112104893 112 362
2 1732754821.112104893 106 383
3 1732754821.112104893 135 358
4 1732754821.112104893 447 346
5 1732754821.112104893 87 426
6 1732754821.112104893 109 344
7 1732754821.112104893 301 269
8 1732754821.112104893 116 188
9 1732754821.112104893 336 251
10 1732754821.112104893 431 335
11 1732754821.112104893 375 42
12 1732754821.112104893 3 270
13 1732754821.112104893 104 169
14 1732754821.112104893 46 206
0 1732754821.362104893 145 355
1 1732754821.362104893 110 363
2 1732754821.362104893 106 383
3 1732754821.362104893 135 358
4 1732754821.362104893 447 346
5 1732754821.362104893 87 426
6 1732754821.362104893 109 344
7 1732754821.362104893 300 269
8 1732754821.362104893 115 188
9 1732754821.362104893 335 250
10 1732754821.362104893 431 335
11 1732754821.362104893 374 42
12 1732754821.362104893 4 270
13 1732754821.362104893 104 168
14 1732754821.362104893 43 205
0 1732754821.612104893 145 355
1 1732754821.612104893 108 363
2 1732754821.612104893 106 383
3 1732754821.612104893 136 358
4 1732754821.612104893 449 347
5 1732754821.612104893 87 427
6 1732754821.612104893 110 344
7 1732754821.612104893 300 270
8 1732754821.612104893 116 188
9 1732754821.612104893 335 250
10 1732754821.612104893 431 336
11 1732754821.612104893 373 40
12 1732754821.612104893 4 269
13 1732754821.612104893 104 168
14 1732754821.612104893 45 205
0 1732754821.862104893 145 356
1 1732754821.862104893 107 363
2 1732754821.862104893 106 383
3 1732754821.862104893 137 358
4 1732754821.862104893 450 348
5 1732754821.862104893 87 427
6 1732754821.862104893 110 343
7 1732754821.862104893 300 270
8 1732754821.862104893 117 188
9 1732754821.862104893 336 250
10 1732754821.862104893 433 336
11 1732754821.862104893 372 40
12 1732754821.862104893 5 270
13 1732754821.862104893 105 169
14 1732754821.862104893 45 204
0 1732754822.112104893 146 356
1 1732754822.112104893 105 363
2 1732754822.112104893 107 383
3 1732754822.112104893 139 358
4 1732754822.112104893 453 350
5 1732754822.112104893 87 427
6 1732754822.112104893 111 343
7 1732754822.112104893 299 271
8 1732754822.112104893 118 188
9 1732754822.112104893 337 250
10 1732754822.112104893 434 337
11 1732754822.112104893 372 40
12 1732754822.112104893 5 270
13 1732754822.112104893 105 169
14 1732754822.112104893 44 204
0 1732754822.362104893 146 356
1 1732754822.362104893 104 363
2 1732754822.362104893 107 382
3 1732754822.362104893 140 358
4 1732754822.362104893 455 351
5 1732754822.362104893 88 427
6 1732754822.362104893 112 343
7 1732754822.362104893 298 272
8 1732754822.362104893 118 189
9 1732754822.362104893 337 250
10 1732754822.362104893 436 337
11 1732754822.362104893 373 40
12 1732754822.362104893 5 270
13 1732754822.362104893 105 169
14 1732754822.362104893 46 203
0 1732754822.612104893 146 356
1 1732754822.612104893 103 363
2 1732754822.612104893 107 382
3 1732754822.612104893 141 358
4 1732754822.612104893 457 353
5 1732754822.612104893 89 427
6 1732754822.612104893 112 342
7 1732754822.612104893 300 273
8 1732754822.612104893 119 189
9 1732754822.612104893 337 249
10 1732754822.612104893 437 338
11 1732754822.612104893 372 41
12 1732754822.612104893 6 270
13 1732754822.612104893 105 169
14 1732754822.612104893 47 203
0 1732754822.862104893 147 356
1 1732754822.862104893 101 362
2 1732754822.862104893 107 382
3 1732754822.862104893 143 358
4 1732754822.862104893 459 354
5 1732754822.862104893 89 427
6 1732754822.862104893 113 342
7 1732754822.862104893 300 273
8 1732754822.862104893 119 190
9 1732754822.862104893 337 249
10 1732754822.862104893 437 339
11 1732754822.862104893 372 41
12 1732754822.862104893 6 270
13 1732754822.862104893 105 170
14 1732754822.862104893 47 204
0 1732754823.112104893 147 359
1 1732754823.112104893 99 364
2 1732754823.112104893 107 384
3 1732754823.112104893 144 361
4 1732754823.112104893 459 356
5 1732754823.112104893 87 427
6 1732754823.112104893 113 343
7 1732754823.112104893 299 276
8 1732754823.112104893 120 193
9 1732754823.112104893 337 252
10 1732754823.112104893 438 343
11 1732754823.112104893 371 44
12 1732754823.112104893 5 273
13 1732754823.112104893 105 172
14 1732754823.112104893 46 206
0 1732754823.362104893 147 359
1 1732754823.362104893 99 364
2 1732754823.362104893 108 383
3 1732754823.362104893 144 359
4 1732754823.362104893 459 357
5 1732754823.362104893 87 428
6 1732754823.362104893 114 343
7 1732754823.362104893 299 276
8 1732754823.362104893 120 195
9 1732754823.362104893 336 252
10 1732754823.362104893 439 343
11 1732754823.362104893 370 44
12 1732754823.362104893 6 273
13 1732754823.362104893 105 172
14 1732754823.362104893 46 207
0 1732754823.612104893 147 359
1 1732754823.612104893 98 365
2 1732754823.612104893 108 383
3 1732754823.612104893 145 359
4 1732754823.612104893 459 358
5 1732754823.612104893 86 428
6 1732754823.612104893 114 343
7 1732754823.612104893 299 277
8 1732754823.612104893 121 197
9 1732754823.612104893 335 252
10 1732754823.612104893 439 342
11 1732754823.612104893 370 43
12 1732754823.612104893 6 273
13 1732754823.612104893 106 172
14 1732754823.612104893 47 208
0 1732754823.862104893 148 359
1 1732754823.862104893 97 364
2 1732754823.862104893 109 382
3 1732754823.862104893 146 359
4 1732754823.862104893 460 359
5 1732754823.862104893 87 428
6 1732754823.862104893 114 343
7 1732754823.862104893 300 277
8 1732754823.862104893 123 199
9 1732754823.862104893 336 252
10 1732754823.862104893 440 343
11 1732754823.862104893 370 42
12 1732754823.862104893 7 274
13 1732754823.862104893 107 173
14 1732754823.862104893 49 208
0 1732754824.112104893 149 359
1 1732754824.112104893 98 364
2 1732754824.112104893 110 382
3 1732754824.112104893 147 359
4 1732754824.112104893 462 360
5 1732754824.112104893 87 428
6 1732754824.112104893 115 342
7 1732754824.112104893 301 278
8 1732754824.112104893 124 200
9 1732754824.112104893 338 252
10 1732754824.112104893 441 343
11 1732754824.112104893 370 42
12 1732754824.112104893 8 275
13 1732754824.112104893 107 174
14 1732754824.112104893 48 209
0 1732754824.362104893 150 359
1 1732754824.362104893 98 363
2 1732754824.362104893 110 382
3 1732754824.362104893 148 359
4 1732754824.362104893 464 361
5 1732754824.362104893 88 428
6 1732754824.362104893 116 342
7 1732754824.362104893 302 279
8 1732754824.362104893 125 202
9 1732754824.362104893 338 252
10 1732754824.362104893 442 344
11 1732754824.362104893 370 42
12 1732754824.362104893 8 275
13 1732754824.362104893 107 174
14 1732754824.362104893 48 209
0 1732754824.612104893 150 359
1 1732754824.612104893 98 363
2 1732754824.612104893 112 382
3 1732754824.612104893 150 359
4 1732754824.612104893 466 362
5 1732754824.612104893 89 428
6 1732754824.612104893 116 341
7 1732754824.612104893 301 280
8 1732754824.612104893 126 202
9 1732754824.612104893 338 251
10 1732754824.612104893 443 344
11 1732754824.612104893 370 42
12 1732754824.612104893 8 276
13 1732754824.612104893 107 175
14 1732754824.612104893 49 209
0 1732754824.862104893 151 359
1 1732754824.862104893 98 363
2 1732754824.862104893 112 382
3 1732754824.862104893 151 360
4 1732754824.862104893 468 363
5 1732754824.862104893 89 428
6 1732754824.862104893 116 341
7 1732754824.862104893 302 280
8 1732754824.862104893 127 203
9 1732754824.862104893 338 251
10 1732754824.862104893 443 344
11 1732754824.862104893 370 44
12 1732754824.862104893 9 276
13 1732754824.862104893 107 175
14 1732754824.862104893 49 209
0 1732754825.112104893 151 359
1 1732754825.112104893 98 363
2 1732754825.112104893 113 382
3 1732754825.112104893 153 360
4 1732754825.112104893 470 365
5 1732754825.112104893 90 428
6 1732754825.112104893 116 340
7 1732754825.112104893 303 281
8 1732754825.112104893 127 204
9 1732754825.112104893 338 251
10 1732754825.112104893 444 345
11 1732754825.112104893 369 44
12 1732754825.112104893 9 276
13 1732754825.112104893 107 176
14 1732754825.112104893 47 208
0 1732754825.362104893 151 360
1 1732754825.362104893 97 362
2 1732754825.362104893 113 382
3 1732754825.362104893 154 360
4 1732754825.362104893 471 366
5 1732754825.362104893 90 428
6 1732754825.362104893 116 339
7 1732754825.362104893 304 281
8 1732754825.362104893 128 205
9 1732754825.362104893 338 251
10 1732754825.362104893 444 345
11 1732754825.362104893 370 44
12 1732754825.362104893 9 276
13 1732754825.362104893 107 177
14 1732754825.362104893 48 207
0 1732754825.612104893 153 361
1 1732754825.612104893 96 364
2 1732754825.612104893 112 385
3 1732754825.612104893 156 360
4 1732754825.612104893 471 367
5 1732754825.612104893 88 428
6 1732754825.612104893 116 340
7 1732754825.612104893 304 284
8 1732754825.612104893 127 205
9 1732754825.612104893 339 255
10 1732754825.612104893 443 348
11 1732754825.612104893 368 48
12 1732754825.612104893 8 279
13 1732754825.612104893 107 180
14 1732754825.612104893 47 209
0 1732754825.862104893 153 362
1 1732754825.862104893 94 364
2 1732754825.862104893 113 385
3 1732754825.862104893 157 360
4 1732754825.862104893 471 369
5 1732754825.862104893 88 430
6 1732754825.862104893 115 340
7 1732754825.862104893 304 284
8 1732754825.862104893 126 206
9 1732754825.862104893 339 255
10 1732754825.862104893 444 349
11 1732754825.862104893 367 48
12 1732754825.862104893 9 279
13 1732754825.862104893 107 180
14 1732754825.862104893 47 210
0 1732754826.112104893 152 362
1 1732754826.112104893 91 364
2 1732754826.112104893 114 385
3 1732754826.112104893 158 360
4 1732754826.112104893 472 370
5 1732754826.112104893 88 429
6 1732754826.112104893 115 339
7 1732754826.112104893 305 285
8 1732754826.112104893 128 207
9 1732754826.112104893 337 255
10 1732754826.112104893 445 349
11 1732754826.112104893 367 47
12 1732754826.112104893 8 279
13 1732754826.112104893 108 180
14 1732754826.112104893 48 210
0 1732754826.362104893 152 362
1 1732754826.362104893 89 364
2 1732754826.362104893 115 385
3 1732754826.362104893 159 361
4 1732754826.362104893 473 371
5 1732754826.362104893 88 429
6 1732754826.362104893 114 338
7 1732754826.362104893 306 286
8 1732754826.362104893 128 207
9 1732754826.362104893 337 255
10 1732754826.362104893 446 349
11 1732754826.362104893 366 47
12 1732754826.362104893 8 280
13 1732754826.362104893 109 181
14 1732754826.362104893 48 211
0 1732754826.612104893 151 363
1 1732754826.612104893 87 364
2 1732754826.612104893 115 385
3 1732754826.612104893 160 361
4 1732754826.612104893 476 371
5 1732754826.612104893 88 429
6 1732754826.612104893 114 338
7 1732754826.612104893 308 287
8 1732754826.612104893 129 208
9 1732754826.612104893 337 255
10 1732754826.612104893 447 349
11 1732754826.612104893 366 47
12 1732754826.612104893 10 280
13 1732754826.612104893 109 181
14 1732754826.612104893 48 210
0 1732754826.862104893 151 363
1 1732754826.862104893 85 363
2 1732754826.862104893 116 385
3 1732754826.862104893 161 361
4 1732754826.862104893 478 373
5 1732754826.862104893 89 429
6 1732754826.862104893 114 337
7 1732754826.862104893 309 288
8 1732754826.862104893 130 208
9 1732754826.862104893 338 255
10 1732754826.862104893 448 349
11 1732754826.862104893 367 47
12 1732754826.862104893 10 280
13 1732754826.862104893 110 182
14 1732754826.862104893 49 211
0 1732754827.112104893 150 363
1 1732754827.112104893 83 363
2 1732754827.112104893 116 385
3 1732754827.112104893 162 361
4 1732754827.112104893 480 374
5 1732754827.112104893 89 430
6 1732754827.112104893 114 336
7 1732754827.112104893 310 289
8 1732754827.112104893 130 209
9 1732754827.112104893 338 256
10 1732754827.112104893 448 349
11 1732754827.112104893 366 47
12 1732754827.112104893 10 280
13 1732754827.112104893 110 182
14 1732754827.112104893 49 211
0 1732754827.362104893 147 363
1 1732754827.362104893 84 367
2 1732754827.362104893 117 388
3 1732754827.362104893 163 365
4 1732754827.362104893 480 379
5 1732754827.362104893 90 434
6 1732754827.362104893 112 335
7 1732754827.362104893 310 290
8 1732754827.362104893 126 210
9 1732754827.362104893 337 259
10 1732754827.362104893 446 351
11 1732754827.362104893 365 50
12 1732754827.362104893 10 284
13 1732754827.362104893 107 184
14 1732754827.362104893 49 215
0 1732754827.612104893 147 366
1 1732754827.612104893 83 369
2 1732754827.612104893 116 392
3 1732754827.612104893 164 368
4 1732754827.612104893 479 382
5 1732754827.612104893 90 438
6 1732754827.612104893 112 338
7 1732754827.612104893 310 293
8 1732754827.612104893 126 213
9 1732754827.612104893 336 262
10 1732754827.612104893 445 354
11 1732754827.612104893 364 52
12 1732754827.612104893 9 287
13 1732754827.612104893 106 187
14 1732754827.612104893 48 217
0 1732754827.862104893 146 367
1 1732754827.862104893 83 369
2 1732754827.862104893 116 393
3 1732754827.862104893 164 368
4 1732754827.862104893 480 383
5 1732754827.862104893 90 437
6 1732754827.862104893 111 338
7 1732754827.862104893 310 293
8 1732754827.862104893 127 214
9 1732754827.862104893 337 262
10 1732754827.862104893 445 353
11 1732754827.862104893 364 52
12 1732754827.862104893 9 287
13 1732754827.862104893 106 189
14 1732754827.862104893 48 218
0 1732754828.112104893 144 367
1 1732754828.112104893 82 370
2 1732754828.112104893 115 393
3 1732754828.112104893 165 369
4 1732754828.112104893 480 384
5 1732754828.112104893 89 438
6 1732754828.112104893 111 338
7 1732754828.112104893 310 293
8 1732754828.112104893 128 214
9 1732754828.112104893 337 262
10 1732754828.112104893 445 353
11 1732754828.112104893 363 53
12 1732754828.112104893 8 286
13 1732754828.112104893 107 190
14 1732754828.112104893 47 217
0 1732754828.362104893 143 367
1 1732754828.362104893 83 370
2 1732754828.362104893 116 394
3 1732754828.362104893 167 369
4 1732754828.362104893 481 385
5 1732754828.362104893 88 439
6 1732754828.362104893 111 338
7 1732754828.362104893 309 292
8 1732754828.362104893 128 214
9 1732754828.362104893 337 262
10 1732754828.362104893 445 352
11 1732754828.362104893 362 55
12 1732754828.362104893 6 285
13 1732754828.362104893 107 191
14 1732754828.362104893 47 218
0 1732754828.612104893 142 367
1 1732754828.612104893 83 371
2 1732754828.612104893 117 394
3 1732754828.612104893 168 369
4 1732754828.612104893 481 386
5 1732754828.612104893 89 439
6 1732754828.612104893 112 338
7 1732754828.612104893 310 293
8 1732754828.612104893 129 215
9 1732754828.612104893 338 261
10 1732754828.612104893 446 352
11 1732754828.612104893 362 55
12 1732754828.612104893 7 285
13 1732754828.612104893 108 192
14 1732754828.612104893 48 218
0 1732754828.862104893 142 368
1 1732754828.862104893 83 371
2 1732754828.862104893 117 395
3 1732754828.862104893 170 370
4 1732754828.862104893 483 387
5 1732754828.862104893 90 440
6 1732754828.862104893 112 337
7 1732754828.862104893 310 293
8 1732754828.862104893 129 215
9 1732754828.862104893 339 261
10 1732754828.862104893 447 352
11 1732754828.862104893 362 55
12 1732754828.862104893 7 286
13 1732754828.862104893 108 192
14 1732754828.862104893 49 218
0 1732754829.112104893 142 371
1 1732754829.112104893 83 374
2 1732754829.112104893 115 397
3 1732754829.112104893 169 374
4 1732754829.112104893 483 389
5 1732754829.112104893 90 443
6 1732754829.112104893 111 340
7 1732754829.112104893 310 296
8 1732754829.112104893 129 219
9 1732754829.112104893 339 263
10 1732754829.112104893 445 352
11 1732754829.112104893 362 58
12 1732754829.112104893 7 288
13 1732754829.112104893 107 195
14 1732754829.112104893 48 220
0 1732754829.362104893 141 371
1 1732754829.362104893 84 374
2 1732754829.362104893 115 397
3 1732754829.362104893 171 373
4 1732754829.362104893 482 389
5 1732754829.362104893 90 442
6 1732754829.362104893 110 340
7 1732754829.362104893 310 296
8 1732754829.362104893 127 217
9 1732754829.362104893 337 262
10 1732754829.362104893 445 352
11 1732754829.362104893 361 58
12 1732754829.362104893 5 287
13 1732754829.362104893 107 194
14 1732754829.362104893 48 221
0 1732754829.612104893 140 372
1 1732754829.612104893 84 374
2 1732754829.612104893 114 397
3 1732754829.612104893 172 373
4 1732754829.612104893 482 390
5 1732754829.612104893 90 442
6 1732754829.612104893 111 339
7 1732754829.612104893 310 296
8 1732754829.612104893 126 217
9 1732754829.612104893 337 261
10 1732754829.612104893 446 353
11 1732754829.612104893 361 57
12 1732754829.612104893 4 287
13 1732754829.612104893 108 195
14 1732754829.612104893 49 222
0 1732754829.862104893 139 373
1 1732754829.862104893 85 375
2 1732754829.862104893 115 398
3 1732754829.862104893 173 373
4 1732754829.862104893 483 390
5 1732754829.862104893 90 441
6 1732754829.862104893 110 337
7 1732754829.862104893 312 296
8 1732754829.862104893 126 215
9 1732754829.862104893 338 259
10 1732754829.862104893 446 353
11 1732754829.862104893 360 56
12 1732754829.862104893 6 286
13 1732754829.862104893 109 196
14 1732754829.862104893 50 222
0 1732754830.112104893 139 373
1 1732754830.112104893 85 374
2 1732754830.112104893 114 398
3 1732754830.112104893 174 373
4 1732754830.112104893 483 390
5 1732754830.112104893 91 441
6 1732754830.112104893 109 337
7 1732754830.112104893 315 297
8 1732754830.112104893 126 215
9 1732754830.112104893 340 258
10 1732754830.112104893 447 352
11 1732754830.112104893 361 56
12 1732754830.112104893 6 285
13 1732754830.112104893 110 197
14 1732754830.112104893 51 222
0 1732754830.362104893 138 377
1 1732754830.362104893 85 374
2 1732754830.362104893 115 402
3 1732754830.362104893 173 376
4 1732754830.362104893 482 393
5 1732754830.362104893 89 444
6 1732754830.362104893 108 340
7 1732754830.362104893 314 299
8 1732754830.362104893 127 218
9 1732754830.362104893 338 260
10 1732754830.362104893 445 355
11 1732754830.362104893 360 59
12 1732754830.362104893 4 288
13 1732754830.362104893 108 198
14 1732754830.362104893 50 225
0 1732754830.612104893 136 378
1 1732754830.612104893 86 375
2 1732754830.612104893 115 403
3 1732754830.612104893 173 376
4 1732754830.612104893 483 394
5 1732754830.612104893 90 445
6 1732754830.612104893 109 340
7 1732754830.612104893 316 299
8 1732754830.612104893 127 218
9 1732754830.612104893 338 260
10 1732754830.612104893 446 354
11 1732754830.612104893 360 59
12 1732754830.612104893 5 289
13 1732754830.612104893 111 197
14 1732754830.612104893 50 226
0 1732754830.862104893 134 378
1 1732754830.862104893 87 375
2 1732754830.862104893 116 404
3 1732754830.862104893 173 377
4 1732754830.862104893 485 396
5 1732754830.862104893 91 445
6 1732754830.862104893 109 341
7 1732754830.862104893 317 299
8 1732754830.862104893 128 218
9 1732754830.862104893 339 260
10 1732754830.862104893 447 353
11 1732754830.862104893 361 59
12 1732754830.862104893 5 289
13 1732754830.862104893 113 197
14 1732754830.862104893 50 226
0 1732754831.112104893 134 378
1 1732754831.112104893 88 375
2 1732754831.112104893 117 405
3 1732754831.112104893 173 377
4 1732754831.112104893 485 398
5 1732754831.112104893 92 446
6 1732754831.112104893 110 342
7 1732754831.112104893 318 299
8 1732754831.112104893 129 219
9 1732754831.112104893 340 260
10 1732754831.112104893 448 353
11 1732754831.112104893 360 58
12 1732754831.112104893 6 290
13 1732754831.112104893 114 198
14 1732754831.112104893 50 226
0 1732754831.362104893 135 384
1 1732754831.362104893 86 377
2 1732754831.362104893 116 408
3 1732754831.362104893 172 381
4 1732754831.362104893 483 400
5 1732754831.362104893 89 447
6 1732754831.362104893 107 343
7 1732754831.362104893 318 302
8 1732754831.362104893 129 221
9 1732754831.362104893 339 265
10 1732754831.362104893 446 355
11 1732754831.362104893 360 61
12 1732754831.362104893 3 290
13 1732754831.362104893 114 199
14 1732754831.362104893 49 230
0 1732754831.612104893 133 384
1 1732754831.612104893 85 378
2 1732754831.612104893 116 409
3 1732754831.612104893 171 381
4 1732754831.612104893 484 401
5 1732754831.612104893 89 448
6 1732754831.612104893 108 344
7 1732754831.612104893 319 303
8 1732754831.612104893 130 221
9 1732754831.612104893 339 265
10 1732754831.612104893 446 355
11 1732754831.612104893 360 60
12 1732754831.612104893 4 293
13 1732754831.612104893 116 200
14 1732754831.612104893 49 231
0 1732754831.862104893 133 385
1 1732754831.862104893 85 379
2 1732754831.862104893 116 410
3 1732754831.862104893 173 381
4 1732754831.862104893 484 403
5 1732754831.862104893 89 449
6 1732754831.862104893 109 345
7 1732754831.862104893 320 303
8 1732754831.862104893 131 222
9 1732754831.862104893 339 265
10 1732754831.862104893 447 354
11 1732754831.862104893 359 59
12 1732754831.862104893 5 294
13 1732754831.862104893 116 201
14 1732754831.862104893 49 230
